3441	0
4734	3441
10953	8175
26335	19128
10419	45463
121	55882
29	56003
121	56032
104	56153
3441	56257
121	59698
4734	59819
10953	64553
26335	75506
10419	101841
121	112260
121	112381
121	112502
29	112623
121	112652
6703	112773
10419	119476
1	129895
2442	129896
6703	132338
10419	139041
1	149460
2442	149461
3441	151903
4734	155344
10953	160078
26335	171031
10419	197366
121	207785
29	207906
121	207935
104	208056
121	208160
121	208281
121	208402
6703	208523
10419	215226
1	225645
2442	225646
3439	228088
4734	231527
10953	236261
26335	247214
10419	273549
308	283968
87	284276
308	284363
3439	284671
4734	288110
10953	292844
26335	303797
10419	330132
6703	340551
10419	347254
1	357673
2442	357674
3441	360116
4734	363557
10953	368291
26335	379244
10419	405579
121	415998
29	416119
121	416148
104	416269
121	416373
121	416494
121	416615
6703	416736
10419	423439
1	433858
2442	433859
331	436301
3439	436632
308	440071
4734	440379
10953	445113
26335	456066
10419	482401
308	492820
308	493128
308	493436
87	493744
308	493831
3439	494139
4734	497578
10953	502312
26335	513265
10419	539600
6703	550019
10419	556722
1	567141
2442	567142
3441	569584
4734	573025
10953	577759
26335	588712
10419	615047
121	625466
29	625587
121	625616
104	625737
121	625841
121	625962
121	626083
6703	626204
10419	632907
1	643326
2442	643327
331	645769
3439	646100
308	649539
4734	649847
10953	654581
26335	665534
10419	691869
308	702288
308	702596
308	702904
87	703212
308	703299
3439	703607
4734	707046
10953	711780
26335	722733
10419	749068
6703	759487
10419	766190
1	776609
2442	776610
3441	779052
4734	782493
10953	787227
26335	798180
10419	824515
121	834934
29	835055
121	835084
104	835205
121	835309
121	835430
121	835551
6703	835672
10419	842375
1	852794
2442	852795
331	855237
3439	855568
308	859007
4734	859315
10953	864049
26335	875002
10419	901337
308	911756
308	912064
308	912372
87	912680
308	912767
6703	913075
10419	919778
1	930197
2442	930198
6703	932640
10419	939343
1	949762
2442	949763
6703	952205
10419	958908
1	969327
2442	969328
6703	971770
10419	978473
1	988892
2442	988893
3441	991335
112	994776
4734	994888
10953	999622
26335	1010575
10419	1036910
121	1047329
29	1047450
121	1047479
104	1047600
121	1047704
121	1047825
121	1047946
256894	1048067
6703	1304961
10419	1311664
1	1322083
2442	1322084
26351	1324526
