2838421594		9830814		37
90499657		207814911		34
0		0		51
0		0		51
2109282575		1205730389		18
3349636748		385529897		22
0		0		51
0		0		51
1048452642		2691596187		12
2722332230		3566876268		0
0		0		51
1615425188		1980747235		3
1513752266		2790527316		33
0		0		51
0		0		51
0		0		51
0		0		51
0		0		51
0		0		51
0		0		51
0		0		51
0		0		51
0		0		51
0		0		51
0		0		51
2516800092		1311057883		2
0		0		51
0		0		51
4059225606		444264415		39
1580927977		2387245809		29
1787048833		3280807570		25
0		0		51
0		0		51
0		0		51
0		0		51
1799554955		1491938728		24
4004378371		1236865805		21
3721595138		3516962907		13
0		0		51
0		0		51
0		0		51
0		0		51
2418056362		2650106449		49
0		0		51
2228963722		1489062960		42
1675004269		873470459		6
0		0		51
0		0		51
0		0		51
1861841999		1037301817		31
0		0		51
3232233159		4779507		40
0		0		51
0		0		51
0		0		51
0		0		51
1999156731		3387949261		28
0		0		51
2268235468		981377839		11
0		0		51
0		0		51
0		0		51
0		0		51
2314557330		4223762271		30
0		0		51
3087799965		1121370038		16
0		0		51
0		0		51
0		0		51
489060721		3115956119		5
3928048661		2472363567		7
0		0		51
1265241189		755313573		19
0		0		51
0		0		51
0		0		51
0		0		51
0		0		51
736192790		4223139749		1
0		0		51
3199315301		816904552		50
0		0		51
0		0		51
907951990		4139094080		10
0		0		51
0		0		51
0		0		51
0		0		51
0		0		51
0		0		51
0		0		51
0		0		51
0		0		51
189586673		188876379		14
0		0		51
2789848774		1615879751		46
0		0		51
0		0		51
1669156716		3251316317		36
2240494715		2080831100		26
535359718		1518021083		35
2366845978		2308805726		47
0		0		51
855304612		122426093		45
0		0		51
356231350		3792251109		44
0		0		51
1755806922		802946252		9
0		0		51
0		0		51
647564961		2833168944		38
0		0		51
0		0		51
0		0		51
0		0		51
0		0		51
0		0		51
0		0		51
0		0		51
1938656138		3963325841		23
3906131799		2112190856		41
0		0		51
520886846		2803261399		15
1235378580		1339132750		20
0		0		51
0		0		51
0		0		51
0		0		51
0		0		51
2940248735		1547434789		17
2652039589		2813595443		4
0		0		51
0		0		51
0		0		51
753109530		2139948711		27
1167213132		2689401615		32
2717046758		2728416808		43
3813396713		4077450017		48
0		0		51
0		0		51
2243947422		3324832367		8
0		0		51
0		0		51
0		0		51
