3441
4734
10953
26335
10419
121
29
121
104
3441
121
4734
10953
26335
10419
121
121
121
29
121
6703
10419
1
2442
6703
10419
1
2442
3441
4734
10953
26335
10419
121
29
121
104
121
121
121
6703
10419
1
2442
3439
4734
10953
26335
10419
308
87
308
3439
4734
10953
26335
10419
6703
10419
1
2442
3441
4734
10953
26335
10419
121
29
121
104
121
121
121
6703
10419
1
2442
331
3439
308
4734
10953
26335
10419
308
308
308
87
308
3439
4734
10953
26335
10419
6703
10419
1
2442
3441
4734
10953
26335
10419
121
29
121
104
121
121
121
6703
10419
1
2442
331
3439
308
4734
10953
26335
10419
308
308
308
87
308
3439
4734
10953
26335
10419
6703
10419
1
2442
3441
4734
10953
26335
10419
121
29
121
104
121
121
121
6703
10419
1
2442
331
3439
308
4734
10953
26335
10419
308
308
308
87
308
6703
10419
1
2442
6703
10419
1
2442
6703
10419
1
2442
6703
10419
1
2442
3441
112
4734
10953
26335
10419
121
29
121
104
121
121
121
256894
6703
10419
1
2442
26351
