0
3441
8175
19128
45463
55882
56003
56032
56153
56257
59698
59819
64553
75506
101841
112260
112381
112502
112623
112652
112773
119476
129895
129896
132338
139041
149460
149461
151903
155344
160078
171031
197366
207785
207906
207935
208056
208160
208281
208402
208523
215226
225645
225646
228088
231527
236261
247214
273549
283968
284276
284363
284671
288110
292844
303797
330132
340551
347254
357673
357674
360116
363557
368291
379244
405579
415998
416119
416148
416269
416373
416494
416615
416736
423439
433858
433859
436301
436632
440071
440379
445113
456066
482401
492820
493128
493436
493744
493831
494139
497578
502312
513265
539600
550019
556722
567141
567142
569584
573025
577759
588712
615047
625466
625587
625616
625737
625841
625962
626083
626204
632907
643326
643327
645769
646100
649539
649847
654581
665534
691869
702288
702596
702904
703212
703299
703607
707046
711780
722733
749068
759487
766190
776609
776610
779052
782493
787227
798180
824515
834934
835055
835084
835205
835309
835430
835551
835672
842375
852794
852795
855237
855568
859007
859315
864049
875002
901337
911756
912064
912372
912680
912767
913075
919778
930197
930198
932640
939343
949762
949763
952205
958908
969327
969328
971770
978473
988892
988893
991335
994776
994888
999622
1010575
1036910
1047329
1047450
1047479
1047600
1047704
1047825
1047946
1048067
1304961
1311664
1322083
1322084
1324526
1350877
