2442
6703
26335
10419
3441
10419
10953
4734
1
121
121
121
121
29
121
104
2442
6703
26335
10419
3439
10419
10953
4734
1
2442
6703
26335
308
10419
3439
308
10419
10953
4734
1
308
2442
6703
26335
308
10419
3439
308
10419
10953
4734
1
308
2442
6703
26335
308
10419
3439
308
10419
10953
4734
1
308
308
308
87
2442
6703
26335
10419
3441
10419
10953
4734
1
121
121
121
121
29
121
104
2442
6703
26335
10419
3439
10419
10953
4734
1
308
87
308
331
2442
6703
26335
10419
3441
10419
10953
4734
1
121
121
121
121
29
121
104
2442
6703
26335
10419
3439
10419
10953
4734
1
308
87
308
331
2442
6703
26335
10419
3441
10419
10953
4734
1
121
121
121
121
29
121
104
2442
6703
26335
10419
3439
10419
10953
4734
1
308
87
308
331
2442
6703
26335
10419
3441
10419
10953
4734
1
121
121
121
121
29
121
104
2442
6703
26335
10419
3441
10419
10953
4734
1
2442
6703
26335
121
10419
3441
121
10419
10953
4734
1
121
121
121
29
121
29
121
104
112
26351
256894
