771
903
363
674
328
828
978
735
805
610
486
671
106
519
371
396
537
579
381
732
545
90
25
1085
180
38
933
972
1150
20
991
648
670
1086
213
646
734
109
1078
738
110
247
1104
1161
111
259
185
982
912
265
201
1113
1082
812
787
211
1030
317
629
659
1092
50
295
475
1001
561
1048
220
1185
271
736
681
955
689
573
1103
1081
446
613
341
3
1124
138
951
541
1173
296
102
979
234
747
279
532
1078
852
645
352
859
745
641
580
174
702
65
922
949
128
85
917
426
547
1140
130
1040
79
722
868
1187
668
831
1055
1116
337
1000
64
983
80
874
672
989
1145
790
688
553
432
822
691
998
1162
305
568
1102
1062
576
1084
203
793
280
570
61
686
801
571
948
904
1154
363
156
497
103
758
1186
450
838
1167
1172
360
1140
290
893
428
728
587
32
884
754
1129
304
581
594
27
1094
140
429
1100
730
365
932
409
449
615
476
123
583
554
389
1037
928
