51
144
5
2
1
2147483647
9830814
37
90499657
207814911
34
0
0
51
0
0
51
2109282575
1205730389
18
2147483647
385529897
22
0
0
51
0
0
51
1048452642
2147483647
12
2147483647
2147483647
0
0
0
51
1615425188
1980747235
3
1513752266
2147483647
33
0
0
51
0
0
51
0
0
51
0
0
51
0
0
51
0
0
51
0
0
51
0
0
51
0
0
51
0
0
51
0
0
51
0
0
51
2147483647
1311057883
2
0
0
51
0
0
51
2147483647
444264415
39
1580927977
2147483647
29
1787048833
2147483647
25
0
0
51
0
0
51
0
0
51
0
0
51
1799554955
1491938728
24
2147483647
1236865805
21
2147483647
2147483647
13
0
0
51
0
0
51
0
0
51
0
0
51
2147483647
2147483647
49
0
0
51
2147483647
1489062960
42
1675004269
873470459
6
0
0
51
0
0
51
0
0
51
1861841999
1037301817
31
0
0
51
2147483647
4779507
40
0
0
51
0
0
51
0
0
51
0
0
51
1999156731
2147483647
28
0
0
51
2147483647
981377839
11
0
0
51
0
0
51
0
0
51
0
0
51
2147483647
2147483647
30
0
0
51
2147483647
1121370038
16
0
0
51
0
0
51
0
0
51
489060721
2147483647
5
2147483647
2147483647
7
0
0
51
1265241189
755313573
19
0
0
51
0
0
51
0
0
51
0
0
51
0
0
51
736192790
2147483647
1
0
0
51
2147483647
816904552
50
0
0
51
0
0
51
907951990
2147483647
10
0
0
51
0
0
51
0
0
51
0
0
51
0
0
51
0
0
51
0
0
51
0
0
51
0
0
51
189586673
188876379
14
0
0
51
2147483647
1615879751
46
0
0
51
0
0
51
1669156716
2147483647
36
2147483647
2080831100
26
535359718
1518021083
35
2147483647
2147483647
47
0
0
51
855304612
122426093
45
0
0
51
356231350
2147483647
44
0
0
51
1755806922
802946252
9
0
0
51
0
0
51
647564961
2147483647
38
0
0
51
0
0
51
0
0
51
0
0
51
0
0
51
0
0
51
0
0
51
0
0
51
1938656138
2147483647
23
2147483647
2112190856
41
0
0
51
520886846
2147483647
15
1235378580
1339132750
20
0
0
51
0
0
51
0
0
51
0
0
51
0
0
51
2147483647
1547434789
17
2147483647
2147483647
4
0
0
51
0
0
51
0
0
51
753109530
2139948711
27
1167213132
2147483647
32
2147483647
2147483647
43
2147483647
2147483647
48
0
0
51
0
0
51
2147483647
2147483647
8
0
0
51
0
0
51
0
0
51
8
0
21492
8
2505
21500
5
24005
3262
24010
6888
27272
3033
34160
10451
37193
612
47644
5061
48256
6053
53317
7085
59370
1198
66455
21492
67653
2505
89145
4
91650
66
91654
3262
91720
6888
94982
52
101870
22
101922
3033
101944
10451
104977
612
115428
300
116040
5061
116340
6053
121401
22
127454
7
127476
7085
127483
8
134568
1198
134576
22
135774
66
135796
22
135862
1497
135884
362
137381
66
137743
7182
137809
688
144991
3036
145679
22
148715
180
148737
77
148917
24
148994
1497
149018
362
150515
7182
150877
688
158059
3036
158747
77
161783
