198 1 198 38
198 2 198 36
198 3 198 37
198 4 198 36
198 5 198 33
198 1 199 33
198 2 199 34
198 3 199 35
198 4 199 35
198 5 199 34
198 1 200 34
198 2 200 36
198 3 200 40
198 4 200 39
198 5 200 39
198 1 201 37
198 2 201 34
198 3 201 40
198 4 201 36
198 5 201 38
198 1 202 35
198 2 202 34
198 3 202 39
198 4 202 37
198 5 202 37
198 1 203 36
198 2 203 34
198 3 203 37
198 4 203 38
198 5 203 35
198 1 204 33
198 2 204 34
198 3 204 37
198 4 204 36
198 5 204 35
198 1 205 33
198 2 205 35
198 3 205 38
198 4 205 33
198 5 205 36
198 1 206 37
198 2 206 36
198 3 206 34
198 4 206 35
198 5 206 37
198 1 207 36
198 2 207 32
198 3 207 32
198 4 207 36
198 5 207 38
198 1 208 36
198 2 208 35
198 3 208 36
198 4 208 33
198 5 208 35
198 1 209 39
198 2 209 35
198 3 209 36
198 4 209 35
198 5 209 35
198 1 210 35
198 2 210 36
198 3 210 36
198 4 210 32
198 5 210 33
198 1 211 32
198 2 211 34
198 3 211 36
198 4 211 36
198 5 211 34
198 1 212 36
198 2 212 40
198 3 212 36
198 4 212 36
198 5 212 41
198 1 213 35
198 2 213 33
198 3 213 34
198 4 213 36
198 5 213 33
198 1 214 37
198 2 214 37
198 3 214 37
198 4 214 37
198 5 214 29
198 1 215 35
198 2 215 39
198 3 215 36
198 4 215 37
198 5 215 37
198 1 216 32
198 2 216 30
198 3 216 36
198 4 216 34
198 5 216 33
198 1 217 36
198 2 217 38
198 3 217 32
198 4 217 36
198 5 217 35
198 1 218 33
198 2 218 34
198 3 218 36
198 4 218 32
198 5 218 31
198 1 219 29
198 2 219 32
198 3 219 34
198 4 219 33
198 5 219 31
198 1 220 31
198 2 220 35
198 3 220 36
198 4 220 35
198 5 220 35
198 1 221 33
198 2 221 33
198 3 221 33
198 4 221 33
198 5 221 29
198 1 222 36
198 2 222 35
198 3 222 34
198 4 222 33
198 5 222 34
198 1 223 31
198 2 223 31
198 3 223 33
198 4 223 31
198 5 223 35
198 1 224 32
198 2 224 34
198 3 224 34
198 4 224 28
198 5 224 37
198 1 225 36
198 2 225 30
198 3 225 34
198 4 225 36
198 5 225 34
198 1 226 36
198 2 226 31
198 3 226 32
198 4 226 31
198 5 226 34
198 1 227 35
198 2 227 30
198 3 227 34
198 4 227 33
198 5 227 32
198 1 228 33
198 2 228 31
198 3 228 36
198 4 228 34
198 5 228 31
198 1 229 31
198 2 229 32
198 3 229 33
198 4 229 29
198 5 229 31
198 1 230 32
198 2 230 34
198 3 230 30
198 4 230 33
198 5 230 33
198 1 231 34
198 2 231 33
198 3 231 29
198 4 231 36
198 5 231 33
198 1 232 32
198 2 232 32
198 3 232 37
198 4 232 33
198 5 232 38
198 1 233 32
198 2 233 37
198 3 233 31
198 4 233 32
198 5 233 34
198 1 234 32
198 2 234 28
198 3 234 34
198 4 234 31
198 5 234 31
198 1 235 31
198 2 235 32
198 3 235 30
198 4 235 35
198 5 235 33
198 1 236 30
198 2 236 28
198 3 236 34
198 4 236 35
198 5 236 30
198 1 237 29
198 2 237 27
198 3 237 29
198 4 237 33
198 5 237 33
198 1 238 29
198 2 238 30
198 3 238 32
198 4 238 32
198 5 238 35
198 1 239 35
198 2 239 33
198 3 239 32
198 4 239 32
198 5 239 30
198 1 240 29
198 2 240 29
198 3 240 38
198 4 240 33
198 5 240 29
198 1 241 35
198 2 241 34
198 3 241 30
198 4 241 33
198 5 241 31
198 1 242 34
198 2 242 30
198 3 242 31
198 4 242 35
198 5 242 31
198 1 243 32
198 2 243 29
198 3 243 32
198 4 243 29
198 5 243 29
198 1 244 29
198 2 244 31
198 3 244 35
198 4 244 35
198 5 244 32
198 1 245 30
198 2 245 30
198 3 245 33
198 4 245 30
198 5 245 30
198 1 246 31
198 2 246 30
198 3 246 27
198 4 246 29
198 5 246 32
198 1 247 33
198 2 247 36
198 3 247 30
198 4 247 30
198 5 247 31
198 1 248 31
198 2 248 31
198 3 248 31
198 4 248 29
198 5 248 33
198 1 249 27
198 2 249 30
198 3 249 25
198 4 249 32
198 5 249 28
198 1 250 28
198 2 250 32
198 3 250 29
198 4 250 31
198 5 250 28
198 1 251 31
198 2 251 29
198 3 251 30
198 4 251 30
198 5 251 36
198 1 252 31
198 2 252 30
198 3 252 32
198 4 252 28
198 5 252 30
198 1 253 30
198 2 253 29
198 3 253 29
198 4 253 34
198 5 253 33
198 1 254 27
198 2 254 32
198 3 254 30
198 4 254 29
198 5 254 32
198 1 255 29
198 2 255 32
198 3 255 32
198 4 255 25
198 5 255 31
198 1 256 27
198 2 256 30
198 3 256 36
198 4 256 32
198 5 256 33
198 1 257 31
198 2 257 33
198 3 257 27
198 4 257 29
198 5 257 28
198 1 258 27
198 2 258 32
198 3 258 27
198 4 258 26
198 5 258 32
198 1 259 30
198 2 259 31
198 3 259 28
198 4 259 31
198 5 259 27
198 1 260 28
198 2 260 31
198 3 260 32
198 4 260 29
198 5 260 28
198 1 261 28
198 2 261 26
198 3 261 28
198 4 261 28
198 5 261 28
198 1 262 34
198 2 262 35
198 3 262 29
198 4 262 26
198 5 262 28
198 1 263 26
198 2 263 27
198 3 263 28
198 4 263 30
198 5 263 30
198 1 264 30
198 2 264 27
198 3 264 29
198 4 264 32
198 5 264 29
198 1 265 29
198 2 265 30
198 3 265 31
198 4 265 31
198 5 265 30
198 1 266 28
198 2 266 27
198 3 266 28
198 4 266 30
198 5 266 29
198 1 267 31
198 2 267 26
198 3 267 32
198 4 267 28
198 5 267 27
198 1 268 26
198 2 268 28
198 3 268 31
198 4 268 26
198 5 268 32
198 1 269 31
198 2 269 27
198 3 269 29
198 4 269 31
198 5 269 26
198 1 270 28
198 2 270 26
198 3 270 31
198 4 270 32
198 5 270 28
198 1 271 34
198 2 271 25
198 3 271 29
198 4 271 24
198 5 271 28
198 1 272 25
198 2 272 30
198 3 272 30
198 4 272 28
198 5 272 34
198 1 273 28
198 2 273 32
198 3 273 29
198 4 273 29
198 5 273 30
198 1 274 27
198 2 274 29
198 3 274 27
198 4 274 32
198 5 274 27
198 1 275 31
198 2 275 25
198 3 275 28
198 4 275 30
198 5 275 27
198 1 276 29
198 2 276 31
198 3 276 30
198 4 276 31
198 5 276 28
198 1 277 28
198 2 277 24
198 3 277 29
198 4 277 29
198 5 277 34
198 1 278 29
198 2 278 31
198 3 278 24
198 4 278 27
198 5 278 35
198 1 279 28
198 2 279 29
198 3 279 27
198 4 279 27
198 5 279 30
198 1 280 26
198 2 280 30
198 3 280 31
198 4 280 21
198 5 280 33
198 1 281 28
198 2 281 29
198 3 281 28
198 4 281 28
198 5 281 28
198 1 282 29
198 2 282 26
198 3 282 26
198 4 282 27
198 5 282 26
198 1 283 25
198 2 283 27
198 3 283 25
198 4 283 29
198 5 283 31
198 1 284 25
198 2 284 28
198 3 284 32
198 4 284 27
198 5 284 26
198 1 285 25
198 2 285 31
198 3 285 23
198 4 285 32
198 5 285 25
198 1 286 31
198 2 286 29
198 3 286 28
198 4 286 27
198 5 286 24
198 1 287 29
198 2 287 25
198 3 287 26
198 4 287 27
198 5 287 28
198 1 288 24
198 2 288 26
198 3 288 32
198 4 288 23
198 5 288 28
198 1 289 27
198 2 289 29
198 3 289 29
198 4 289 27
198 5 289 29
198 1 290 29
198 2 290 25
198 3 290 28
198 4 290 27
198 5 290 27
198 1 291 24
198 2 291 27
198 3 291 26
198 4 291 31
198 5 291 26
198 1 292 24
198 2 292 28
198 3 292 27
198 4 292 28
198 5 292 23
198 1 293 26
198 2 293 29
198 3 293 24
198 4 293 26
198 5 293 28
198 1 294 28
198 2 294 29
198 3 294 24
198 4 294 27
198 5 294 30
198 1 295 27
198 2 295 27
198 3 295 26
198 4 295 25
198 5 295 27
198 1 296 25
198 2 296 26
198 3 296 28
198 4 296 27
198 5 296 28
198 1 297 26
198 2 297 23
198 3 297 28
198 4 297 26
198 5 297 22
198 1 298 23
198 2 298 30
198 3 298 27
198 4 298 27
198 5 298 26
198 1 299 30
198 2 299 30
198 3 299 26
198 4 299 25
198 5 299 29
198 1 300 25
198 2 300 23
198 3 300 32
198 4 300 29
198 5 300 27
198 1 301 29
198 2 301 25
198 3 301 31
198 4 301 25
198 5 301 30
198 1 302 25
198 2 302 28
198 3 302 23
198 4 302 24
198 5 302 28
198 1 303 24
198 2 303 25
198 3 303 25
198 4 303 29
198 5 303 25
198 1 304 22
198 2 304 26
198 3 304 26
198 4 304 31
198 5 304 26
198 1 305 25
198 2 305 25
198 3 305 22
198 4 305 24
198 5 305 29
198 1 306 24
198 2 306 27
198 3 306 26
198 4 306 29
198 5 306 28
198 1 307 25
198 2 307 25
198 3 307 26
198 4 307 28
198 5 307 27
198 1 308 28
198 2 308 23
198 3 308 27
198 4 308 26
198 5 308 29
198 1 309 25
198 2 309 28
198 3 309 27
198 4 309 23
198 5 309 23
198 1 310 24
198 2 310 25
198 3 310 23
198 4 310 20
198 5 310 24
198 1 311 25
198 2 311 24
198 3 311 25
198 4 311 27
198 5 311 25
198 1 312 28
198 2 312 26
198 3 312 29
198 4 312 21
198 5 312 23
198 1 313 24
198 2 313 28
198 3 313 23
198 4 313 26
198 5 313 21
198 1 314 26
198 2 314 26
198 3 314 27
198 4 314 21
198 5 314 24
198 1 315 24
198 2 315 25
198 3 315 24
198 4 315 22
198 5 315 21
198 1 316 25
198 2 316 24
198 3 316 27
198 4 316 26
198 5 316 24
198 1 317 22
198 2 317 22
198 3 317 22
198 4 317 22
198 5 317 26
198 1 318 29
198 2 318 24
198 3 318 26
198 4 318 24
198 5 318 27
198 1 319 27
198 2 319 28
198 3 319 28
198 4 319 29
198 5 319 24
198 1 320 26
198 2 320 22
198 3 320 29
198 4 320 26
198 5 320 25
198 1 321 22
198 2 321 23
198 3 321 25
198 4 321 25
198 5 321 25
198 1 322 25
198 2 322 21
198 3 322 24
198 4 322 27
198 5 322 25
198 1 323 24
198 2 323 24
198 3 323 23
198 4 323 26
198 5 323 28
198 1 324 24
198 2 324 19
198 3 324 27
198 4 324 25
198 5 324 27
198 1 325 21
198 2 325 23
198 3 325 24
198 4 325 25
198 5 325 20
198 1 326 24
198 2 326 22
198 3 326 24
198 4 326 24
198 5 326 22
198 1 327 26
198 2 327 25
198 3 327 27
198 4 327 23
198 5 327 24
198 1 328 23
198 2 328 24
198 3 328 26
198 4 328 24
198 5 328 26
198 1 329 25
198 2 329 27
198 3 329 24
198 4 329 26
198 5 329 21
198 1 330 22
198 2 330 22
198 3 330 26
198 4 330 32
198 5 330 23
198 1 331 28
198 2 331 21
198 3 331 23
198 4 331 23
198 5 331 26
198 1 332 19
198 2 332 25
198 3 332 26
198 4 332 25
198 5 332 23
198 1 333 24
198 2 333 19
198 3 333 23
198 4 333 24
198 5 333 23
198 1 334 25
198 2 334 26
198 3 334 21
198 4 334 27
198 5 334 23
198 1 335 21
198 2 335 23
198 3 335 27
198 4 335 25
198 5 335 22
198 1 336 27
198 2 336 26
198 3 336 26
198 4 336 18
198 5 336 25
198 1 337 25
198 2 337 24
198 3 337 24
198 4 337 22
198 5 337 24
198 1 338 22
198 2 338 23
198 3 338 27
198 4 338 22
198 5 338 25
198 1 339 27
198 2 339 23
198 3 339 24
198 4 339 24
198 5 339 27
198 1 340 24
198 2 340 22
198 3 340 24
198 4 340 24
198 5 340 23
198 1 341 22
198 2 341 24
198 3 341 25
198 4 341 18
198 5 341 22
198 1 342 23
198 2 342 22
198 3 342 24
198 4 342 22
198 5 342 24
198 1 343 26
198 2 343 25
198 3 343 26
198 4 343 21
198 5 343 26
198 1 344 20
198 2 344 24
198 3 344 27
198 4 344 19
198 5 344 27
198 1 345 22
198 2 345 23
198 3 345 25
198 4 345 23
198 5 345 26
198 1 346 20
198 2 346 22
198 3 346 22
198 4 346 22
198 5 346 22
198 1 347 22
198 2 347 19
198 3 347 28
198 4 347 28
198 5 347 28
198 1 348 19
198 2 348 22
198 3 348 30
198 4 348 24
198 5 348 27
198 1 349 22
198 2 349 24
198 3 349 24
198 4 349 22
198 5 349 22
198 1 350 18
198 2 350 25
198 3 350 19
198 4 350 27
198 5 350 25
198 1 351 23
198 2 351 27
198 3 351 26
198 4 351 20
198 5 351 26
198 1 352 22
198 2 352 25
198 3 352 25
198 4 352 24
198 5 352 23
198 1 353 17
198 2 353 21
198 3 353 24
198 4 353 20
198 5 353 21
198 1 354 24
198 2 354 23
198 3 354 25
198 4 354 23
198 5 354 24
198 1 355 24
198 2 355 22
198 3 355 25
198 4 355 20
198 5 355 21
198 1 356 22
198 2 356 23
198 3 356 30
198 4 356 23
198 5 356 23
198 1 357 25
198 2 357 25
198 3 357 23
198 4 357 21
198 5 357 21
198 1 358 23
198 2 358 24
198 3 358 23
198 4 358 24
198 5 358 21
198 1 359 23
198 2 359 23
198 3 359 25
198 4 359 21
198 5 359 19
198 1 360 18
198 2 360 21
198 3 360 28
198 4 360 20
198 5 360 26
198 1 361 24
198 2 361 25
198 3 361 21
198 4 361 25
198 5 361 20
198 1 362 23
198 2 362 21
198 3 362 21
198 4 362 20
198 5 362 19
198 1 363 23
198 2 363 21
198 3 363 24
198 4 363 24
198 5 363 21
198 1 364 21
198 2 364 25
198 3 364 25
198 4 364 24
198 5 364 19
198 1 365 21
198 2 365 22
198 3 365 25
198 4 365 27
198 5 365 22
198 1 366 23
198 2 366 25
198 3 366 22
198 4 366 21
198 5 366 20
198 1 367 20
198 2 367 19
198 3 367 19
198 4 367 21
198 5 367 23
198 1 368 22
198 2 368 24
198 3 368 22
198 4 368 23
198 5 368 22
198 1 369 22
198 2 369 19
198 3 369 21
198 4 369 23
198 5 369 22
198 1 370 22
198 2 370 24
198 3 370 22
198 4 370 24
198 5 370 27
198 1 371 21
198 2 371 21
198 3 371 21
198 4 371 19
198 5 371 21
198 1 372 26
198 2 372 17
198 3 372 24
198 4 372 20
198 5 372 22
198 1 373 23
198 2 373 21
198 3 373 23
198 4 373 26
198 5 373 23
198 1 374 18
198 2 374 25
198 3 374 19
198 4 374 20
198 5 374 21
198 1 375 22
198 2 375 22
198 3 375 21
198 4 375 23
198 5 375 20
198 1 376 19
198 2 376 22
198 3 376 22
198 4 376 21
198 5 376 25
198 1 377 22
198 2 377 21
198 3 377 25
198 4 377 26
198 5 377 19
198 1 378 25
198 2 378 24
198 3 378 19
198 4 378 20
198 5 378 24
198 1 379 26
198 2 379 27
198 3 379 23
198 4 379 20
198 5 379 19
198 1 380 19
198 2 380 19
198 3 380 22
198 4 380 28
198 5 380 18
198 1 381 22
198 2 381 23
198 3 381 24
198 4 381 18
198 5 381 21
198 1 382 18
198 2 382 24
198 3 382 19
198 4 382 22
198 5 382 21
198 1 383 22
198 2 383 20
198 3 383 18
198 4 383 21
198 5 383 21
198 1 384 18
198 2 384 23
198 3 384 29
198 4 384 26
198 5 384 22
198 1 385 23
198 2 385 20
198 3 385 23
198 4 385 22
198 5 385 22
198 1 386 24
198 2 386 21
198 3 386 22
198 4 386 20
198 5 386 20
198 1 387 23
198 2 387 19
198 3 387 19
198 4 387 21
198 5 387 25
198 1 388 20
198 2 388 18
198 3 388 25
198 4 388 26
198 5 388 18
198 1 389 21
198 2 389 20
198 3 389 19
198 4 389 22
198 5 389 22
198 1 390 22
198 2 390 16
198 3 390 24
198 4 390 22
198 5 390 23
198 1 391 19
198 2 391 22
198 3 391 17
198 4 391 22
198 5 391 19
198 1 392 23
198 2 392 22
198 3 392 22
198 4 392 18
198 5 392 22
198 1 393 19
198 2 393 22
198 3 393 21
198 4 393 21
198 5 393 16
198 1 394 21
198 2 394 23
198 3 394 19
198 4 394 23
198 5 394 21
198 1 395 17
198 2 395 17
198 3 395 18
198 4 395 23
198 5 395 23
198 1 396 17
198 2 396 22
198 3 396 22
198 4 396 24
198 5 396 17
198 1 397 23
198 2 397 21
198 3 397 24
198 4 397 20
198 5 397 21
198 1 398 19
198 2 398 21
198 3 398 20
198 4 398 22
198 5 398 22
198 1 399 22
198 2 399 22
198 3 399 19
198 4 399 21
198 5 399 23
198 1 400 23
198 2 400 17
198 3 400 22
198 4 400 23
198 5 400 21
198 1 401 20
198 2 401 21
198 3 401 22
198 4 401 23
198 5 401 21
198 1 402 20
198 2 402 21
198 3 402 26
198 4 402 19
198 5 402 23
198 1 403 20
198 2 403 23
198 3 403 20
198 4 403 19
198 5 403 21
198 1 404 20
198 2 404 20
198 3 404 25
198 4 404 19
198 5 404 21
198 1 405 20
198 2 405 19
198 3 405 21
198 4 405 21
198 5 405 16
198 1 406 21
198 2 406 19
198 3 406 23
198 4 406 23
198 5 406 17
198 1 407 15
198 2 407 22
198 3 407 18
198 4 407 15
198 5 407 19
198 1 408 17
198 2 408 20
198 3 408 21
198 4 408 19
198 5 408 20
198 1 409 22
198 2 409 17
198 3 409 18
198 4 409 22
198 5 409 20
198 1 410 19
198 2 410 21
198 3 410 20
198 4 410 20
198 5 410 22
198 1 411 20
198 2 411 19
198 3 411 16
198 4 411 21
198 5 411 23
198 1 412 22
198 2 412 20
198 3 412 20
198 4 412 23
198 5 412 22
198 1 413 25
198 2 413 16
198 3 413 22
198 4 413 19
198 5 413 18
198 1 414 20
198 2 414 20
198 3 414 18
198 4 414 24
198 5 414 22
198 1 415 17
198 2 415 16
198 3 415 16
198 4 415 19
198 5 415 21
198 1 416 20
198 2 416 20
198 3 416 22
198 4 416 18
198 5 416 18
198 1 417 20
198 2 417 18
198 3 417 20
198 4 417 21
198 5 417 21
198 1 418 20
198 2 418 18
198 3 418 21
198 4 418 19
198 5 418 20
198 1 419 21
198 2 419 20
198 3 419 17
198 4 419 13
198 5 419 19
198 1 420 20
198 2 420 21
198 3 420 24
198 4 420 19
198 5 420 21
198 1 421 18
198 2 421 21
198 3 421 21
198 4 421 18
198 5 421 20
198 1 422 16
198 2 422 22
198 3 422 22
198 4 422 21
198 5 422 20
198 1 423 20
198 2 423 19
198 3 423 17
198 4 423 21
198 5 423 17
198 1 424 20
198 2 424 24
198 3 424 20
198 4 424 20
198 5 424 24
198 1 425 19
198 2 425 18
198 3 425 24
198 4 425 20
198 5 425 23
198 1 426 20
198 2 426 17
198 3 426 19
198 4 426 22
198 5 426 19
198 1 427 19
198 2 427 22
198 3 427 18
198 4 427 22
198 5 427 19
198 1 428 20
198 2 428 22
198 3 428 28
198 4 428 22
198 5 428 19
198 1 429 18
198 2 429 20
198 3 429 23
198 4 429 19
198 5 429 17
198 1 430 18
198 2 430 21
198 3 430 21
198 4 430 24
198 5 430 22
198 1 431 19
198 2 431 18
198 3 431 19
198 4 431 17
198 5 431 19
198 1 432 18
198 2 432 19
198 3 432 22
198 4 432 17
198 5 432 19
198 1 433 19
198 2 433 19
198 3 433 20
198 4 433 16
198 5 433 22
198 1 434 21
198 2 434 24
198 3 434 17
198 4 434 18
198 5 434 20
198 1 435 19
198 2 435 17
198 3 435 24
198 4 435 17
198 5 435 19
198 1 436 21
198 2 436 23
198 3 436 24
198 4 436 17
198 5 436 18
198 1 437 22
198 2 437 24
198 3 437 18
198 4 437 22
198 5 437 20
198 1 438 16
198 2 438 19
198 3 438 18
198 4 438 18
198 5 438 16
198 1 439 14
198 2 439 15
198 3 439 21
198 4 439 20
198 5 439 18
198 1 440 15
198 2 440 20
198 3 440 21
198 4 440 17
198 5 440 19
198 1 441 22
198 2 441 24
198 3 441 14
198 4 441 15
198 5 441 22
198 1 442 17
198 2 442 19
198 3 442 19
198 4 442 19
198 5 442 15
198 1 443 15
198 2 443 23
198 3 443 18
198 4 443 23
198 5 443 23
198 1 444 22
198 2 444 22
198 3 444 23
198 4 444 18
198 5 444 20
198 1 445 16
198 2 445 13
198 3 445 23
198 4 445 21
198 5 445 23
198 1 446 17
198 2 446 19
198 3 446 20
198 4 446 18
198 5 446 17
198 1 447 18
198 2 447 21
198 3 447 22
198 4 447 26
198 5 447 17
198 1 448 20
198 2 448 17
198 3 448 21
198 4 448 16
198 5 448 20
198 1 449 18
198 2 449 22
198 3 449 20
198 4 449 17
198 5 449 15
198 1 450 19
198 2 450 18
198 3 450 21
198 4 450 23
198 5 450 20
198 1 451 20
198 2 451 20
198 3 451 15
198 4 451 19
198 5 451 17
198 1 452 21
198 2 452 19
198 3 452 20
198 4 452 17
198 5 452 20
198 1 453 16
198 2 453 19
198 3 453 18
198 4 453 18
198 5 453 20
198 1 454 17
198 2 454 18
198 3 454 15
198 4 454 17
198 5 454 19
198 1 455 21
198 2 455 16
198 3 455 17
198 4 455 20
198 5 455 19
198 1 456 16
198 2 456 17
198 3 456 24
198 4 456 18
198 5 456 16
198 1 457 22
198 2 457 17
198 3 457 18
198 4 457 15
198 5 457 19
198 1 458 18
198 2 458 17
198 3 458 18
198 4 458 16
198 5 458 19
198 1 459 18
198 2 459 18
198 3 459 16
198 4 459 18
198 5 459 18
198 1 460 20
198 2 460 17
198 3 460 19
198 4 460 18
198 5 460 18
198 1 461 21
198 2 461 16
198 3 461 21
198 4 461 20
198 5 461 18
198 1 462 20
198 2 462 17
198 3 462 17
198 4 462 20
198 5 462 18
198 1 463 17
198 2 463 17
198 3 463 19
198 4 463 16
198 5 463 21
198 1 464 17
198 2 464 21
198 3 464 19
198 4 464 19
198 5 464 23
198 1 465 21
198 2 465 15
198 3 465 16
198 4 465 16
198 5 465 15
198 1 466 16
198 2 466 18
198 3 466 17
198 4 466 18
198 5 466 21
198 1 467 18
198 2 467 20
198 3 467 18
198 4 467 16
198 5 467 20
198 1 468 22
198 2 468 16
198 3 468 20
198 4 468 14
198 5 468 19
198 1 469 19
198 2 469 18
198 3 469 13
198 4 469 16
198 5 469 17
198 1 470 18
198 2 470 16
198 3 470 17
198 4 470 19
198 5 470 15
198 1 471 19
198 2 471 20
198 3 471 19
198 4 471 17
198 5 471 20
198 1 472 15
198 2 472 14
198 3 472 17
198 4 472 20
198 5 472 19
198 1 473 15
198 2 473 19
198 3 473 19
198 4 473 20
198 5 473 17
198 1 474 16
198 2 474 16
198 3 474 16
198 4 474 17
198 5 474 20
198 1 475 16
198 2 475 19
198 3 475 18
198 4 475 24
198 5 475 17
198 1 476 15
198 2 476 19
198 3 476 21
198 4 476 14
198 5 476 20
198 1 477 24
198 2 477 14
198 3 477 16
198 4 477 16
198 5 477 16
198 1 478 21
198 2 478 18
198 3 478 20
198 4 478 19
198 5 478 17
198 1 479 13
198 2 479 18
198 3 479 19
198 4 479 12
198 5 479 21
198 1 480 15
198 2 480 15
198 3 480 23
198 4 480 19
198 5 480 17
198 1 481 19
198 2 481 21
198 3 481 17
198 4 481 20
198 5 481 17
198 1 482 20
198 2 482 19
198 3 482 13
198 4 482 15
198 5 482 19
198 1 483 17
198 2 483 15
198 3 483 19
198 4 483 18
198 5 483 24
198 1 484 21
198 2 484 14
198 3 484 20
198 4 484 20
198 5 484 18
198 1 485 14
198 2 485 15
198 3 485 16
198 4 485 20
198 5 485 14
198 1 486 16
198 2 486 13
198 3 486 19
198 4 486 17
198 5 486 19
198 1 487 18
198 2 487 18
198 3 487 21
198 4 487 17
198 5 487 19
198 1 488 18
198 2 488 19
198 3 488 21
198 4 488 19
198 5 488 15
198 1 489 16
198 2 489 15
198 3 489 14
198 4 489 14
198 5 489 14
198 1 490 14
198 2 490 15
198 3 490 20
198 4 490 16
198 5 490 19
198 1 491 21
198 2 491 15
198 3 491 18
198 4 491 17
198 5 491 15
198 1 492 19
198 2 492 18
198 3 492 18
198 4 492 15
198 5 492 19
198 1 493 15
198 2 493 17
198 3 493 19
198 4 493 15
198 5 493 20
198 1 494 18
198 2 494 21
198 3 494 18
198 4 494 16
198 5 494 19
198 1 495 13
198 2 495 13
198 3 495 17
198 4 495 16
198 5 495 13
198 1 496 19
198 2 496 17
198 3 496 19
198 4 496 16
198 5 496 18
198 1 497 16
198 2 497 12
198 3 497 17
198 4 497 19
198 5 497 15
198 1 498 16
198 2 498 16
198 3 498 16
198 4 498 18
198 5 498 13
198 1 499 18
198 2 499 16
198 3 499 17
198 4 499 16
198 5 499 21
198 1 500 14
198 2 500 15
198 3 500 17
198 4 500 19
198 5 500 16
198 1 501 22
198 2 501 19
198 3 501 14
198 4 501 19
198 5 501 16
198 1 502 21
198 2 502 18
198 3 502 18
198 4 502 14
198 5 502 20
198 1 503 17
198 2 503 15
198 3 503 18
198 4 503 18
198 5 503 19
198 1 504 17
198 2 504 17
198 3 504 18
198 4 504 15
198 5 504 17
198 1 505 15
198 2 505 16
198 3 505 15
198 4 505 18
198 5 505 15
198 1 506 17
198 2 506 13
198 3 506 16
198 4 506 18
198 5 506 16
198 1 507 13
198 2 507 18
198 3 507 19
198 4 507 14
198 5 507 20
198 1 508 14
198 2 508 18
198 3 508 18
198 4 508 17
198 5 508 18
198 1 509 16
198 2 509 16
198 3 509 16
198 4 509 16
198 5 509 19
198 1 510 15
198 2 510 20
198 3 510 19
198 4 510 14
198 5 510 18
198 1 511 18
198 2 511 17
198 3 511 18
198 4 511 19
198 5 511 18
198 1 512 11
198 2 512 17
198 3 512 22
198 4 512 21
198 5 512 18
198 1 513 16
198 2 513 17
198 3 513 15
198 4 513 13
198 5 513 14
198 1 514 18
198 2 514 18
198 3 514 17
198 4 514 15
198 5 514 15
198 1 515 18
198 2 515 17
198 3 515 20
198 4 515 18
198 5 515 13
198 1 516 15
198 2 516 22
198 3 516 18
198 4 516 15
198 5 516 18
198 1 517 16
198 2 517 15
198 3 517 18
198 4 517 15
198 5 517 17
198 1 518 16
198 2 518 17
198 3 518 16
198 4 518 19
198 5 518 16
198 1 519 14
198 2 519 15
198 3 519 14
198 4 519 17
198 5 519 16
198 1 520 16
198 2 520 14
198 3 520 16
198 4 520 18
198 5 520 15
198 1 521 13
198 2 521 15
198 3 521 16
198 4 521 16
198 5 521 15
198 1 522 13
198 2 522 8
198 3 522 15
198 4 522 16
198 5 522 16
198 1 523 17
198 2 523 17
198 3 523 15
198 4 523 17
198 5 523 17
198 1 524 17
198 2 524 21
198 3 524 17
198 4 524 13
198 5 524 14
198 1 525 15
198 2 525 16
198 3 525 15
198 4 525 22
198 5 525 16
198 1 526 17
198 2 526 16
198 3 526 12
198 4 526 17
198 5 526 16
198 1 527 18
198 2 527 15
198 3 527 15
198 4 527 16
198 5 527 20
198 1 528 15
198 2 528 17
198 3 528 15
198 4 528 17
198 5 528 18
198 1 529 17
198 2 529 12
198 3 529 17
198 4 529 17
198 5 529 15
198 1 530 16
198 2 530 19
198 3 530 19
198 4 530 17
198 5 530 14
198 1 531 18
198 2 531 15
198 3 531 17
198 4 531 15
198 5 531 18
198 1 532 17
198 2 532 13
198 3 532 15
198 4 532 18
198 5 532 16
198 1 533 12
198 2 533 18
198 3 533 17
198 4 533 15
198 5 533 15
198 1 534 15
198 2 534 14
198 3 534 20
198 4 534 14
198 5 534 14
198 1 535 18
198 2 535 18
198 3 535 14
198 4 535 15
198 5 535 15
198 1 536 15
198 2 536 15
198 3 536 16
198 4 536 14
198 5 536 20
198 1 537 18
198 2 537 17
198 3 537 17
198 4 537 15
198 5 537 13
198 1 538 15
198 2 538 17
198 3 538 15
198 4 538 15
198 5 538 15
198 1 539 16
198 2 539 18
198 3 539 18
198 4 539 16
198 5 539 18
198 1 540 15
198 2 540 14
198 3 540 21
198 4 540 20
198 5 540 15
198 1 541 19
198 2 541 15
198 3 541 16
198 4 541 18
198 5 541 12
198 1 542 20
198 2 542 14
198 3 542 16
198 4 542 14
198 5 542 16
198 1 543 19
198 2 543 16
198 3 543 18
198 4 543 15
198 5 543 15
198 1 544 13
198 2 544 16
198 3 544 15
198 4 544 15
198 5 544 18
198 1 545 14
198 2 545 15
198 3 545 19
198 4 545 14
198 5 545 14
198 1 546 15
198 2 546 15
198 3 546 15
198 4 546 15
198 5 546 14
198 1 547 16
198 2 547 17
198 3 547 19
198 4 547 19
198 5 547 19
198 1 548 18
198 2 548 16
198 3 548 18
198 4 548 17
198 5 548 14
198 1 549 16
198 2 549 17
198 3 549 11
198 4 549 13
198 5 549 16
198 1 550 14
198 2 550 14
198 3 550 17
198 4 550 17
198 5 550 14
198 1 551 12
198 2 551 11
198 3 551 19
198 4 551 14
198 5 551 16
198 1 552 19
198 2 552 19
198 3 552 17
198 4 552 20
198 5 552 17
198 1 553 13
198 2 553 14
198 3 553 12
198 4 553 19
198 5 553 13
198 1 554 13
198 2 554 15
198 3 554 16
198 4 554 13
198 5 554 19
198 1 555 14
198 2 555 18
198 3 555 17
198 4 555 16
198 5 555 16
198 1 556 17
198 2 556 18
198 3 556 14
198 4 556 14
198 5 556 19
198 1 557 19
198 2 557 17
198 3 557 16
198 4 557 16
198 5 557 16
198 1 558 18
198 2 558 16
198 3 558 15
198 4 558 12
198 5 558 18
198 1 559 12
198 2 559 16
198 3 559 15
198 4 559 16
198 5 559 14
198 1 560 13
198 2 560 16
198 3 560 13
198 4 560 10
198 5 560 18
198 1 561 13
198 2 561 16
198 3 561 14
198 4 561 11
198 5 561 16
198 1 562 14
198 2 562 16
198 3 562 15
198 4 562 16
198 5 562 14
198 1 563 18
198 2 563 15
198 3 563 15
198 4 563 18
198 5 563 11
198 1 564 17
198 2 564 12
198 3 564 16
198 4 564 15
198 5 564 15
198 1 565 16
198 2 565 16
198 3 565 16
198 4 565 17
198 5 565 17
198 1 566 13
198 2 566 15
198 3 566 13
198 4 566 18
198 5 566 18
198 1 567 19
198 2 567 19
198 3 567 17
198 4 567 15
198 5 567 17
198 1 568 12
198 2 568 15
198 3 568 22
198 4 568 14
198 5 568 12
198 1 569 13
198 2 569 19
198 3 569 15
198 4 569 15
198 5 569 11
198 1 570 13
198 2 570 17
198 3 570 12
198 4 570 22
198 5 570 15
198 1 571 15
198 2 571 15
198 3 571 16
198 4 571 20
198 5 571 12
198 1 572 17
198 2 572 17
198 3 572 17
198 4 572 13
198 5 572 12
198 1 573 15
198 2 573 13
198 3 573 14
198 4 573 15
198 5 573 12
198 1 574 15
198 2 574 13
198 3 574 16
198 4 574 16
198 5 574 18
198 1 575 16
198 2 575 13
198 3 575 18
198 4 575 16
198 5 575 13
198 1 576 14
198 2 576 15
198 3 576 16
198 4 576 14
198 5 576 17
198 1 577 16
198 2 577 16
198 3 577 13
198 4 577 13
198 5 577 18
198 1 578 14
198 2 578 16
198 3 578 15
198 4 578 16
198 5 578 18
198 1 579 17
198 2 579 16
198 3 579 15
198 4 579 15
198 5 579 13
198 1 580 15
198 2 580 15
198 3 580 21
198 4 580 16
198 5 580 12
198 1 581 15
198 2 581 15
198 3 581 12
198 4 581 14
198 5 581 14
198 1 582 16
198 2 582 13
198 3 582 14
198 4 582 19
198 5 582 16
198 1 583 18
198 2 583 14
198 3 583 18
198 4 583 15
198 5 583 17
198 1 584 12
198 2 584 17
198 3 584 14
198 4 584 15
198 5 584 12
198 1 585 16
198 2 585 11
198 3 585 22
198 4 585 16
198 5 585 15
198 1 586 12
198 2 586 15
198 3 586 15
198 4 586 14
198 5 586 19
198 1 587 12
198 2 587 15
198 3 587 16
198 4 587 13
198 5 587 12
198 1 588 17
198 2 588 17
198 3 588 14
198 4 588 10
198 5 588 18
198 1 589 13
198 2 589 12
198 3 589 16
198 4 589 13
198 5 589 13
198 1 590 14
198 2 590 13
198 3 590 16
198 4 590 16
198 5 590 15
198 1 591 16
198 2 591 18
198 3 591 11
198 4 591 17
198 5 591 14
198 1 592 12
198 2 592 15
198 3 592 17
198 4 592 15
198 5 592 17
198 1 593 15
198 2 593 13
198 3 593 11
198 4 593 19
198 5 593 15
198 1 594 14
198 2 594 13
198 3 594 13
198 4 594 15
198 5 594 11
198 1 595 12
198 2 595 16
198 3 595 16
198 4 595 13
198 5 595 11
198 1 596 9
198 2 596 16
198 3 596 14
198 4 596 15
198 5 596 15
198 1 597 13
198 2 597 14
198 3 597 17
198 4 597 11
198 5 597 12
198 1 598 17
198 2 598 17
198 3 598 12
198 4 598 15
198 5 598 17
198 1 599 16
198 2 599 16
198 3 599 19
198 4 599 16
198 5 599 16
198 1 600 14
198 2 600 14
198 3 600 19
198 4 600 15
198 5 600 15
198 1 601 7
198 2 601 15
198 3 601 14
198 4 601 13
198 5 601 15
198 1 602 15
198 2 602 13
198 3 602 17
198 4 602 13
198 5 602 19
198 1 603 16
198 2 603 10
198 3 603 17
198 4 603 16
198 5 603 19
198 1 604 11
198 2 604 17
198 3 604 18
198 4 604 14
198 5 604 19
198 1 605 17
198 2 605 17
198 3 605 11
198 4 605 14
198 5 605 12
198 1 606 12
198 2 606 10
198 3 606 15
198 4 606 12
198 5 606 15
198 1 607 18
198 2 607 14
198 3 607 18
198 4 607 13
198 5 607 14
198 1 608 13
198 2 608 18
198 3 608 13
198 4 608 16
198 5 608 17
198 1 609 12
198 2 609 15
198 3 609 13
198 4 609 18
198 5 609 13
198 1 610 12
198 2 610 13
198 3 610 11
198 4 610 14
198 5 610 16
198 1 611 10
198 2 611 18
198 3 611 12
198 4 611 16
198 5 611 14
198 1 612 11
198 2 612 15
198 3 612 14
198 4 612 16
198 5 612 14
198 1 613 14
198 2 613 10
198 3 613 16
198 4 613 16
198 5 613 13
198 1 614 13
198 2 614 12
198 3 614 11
198 4 614 16
198 5 614 13
198 1 615 13
198 2 615 15
198 3 615 15
198 4 615 16
198 5 615 14
198 1 616 16
198 2 616 12
198 3 616 12
198 4 616 13
198 5 616 17
198 1 617 17
198 2 617 13
198 3 617 14
198 4 617 17
198 5 617 16
198 1 618 15
198 2 618 14
198 3 618 17
198 4 618 15
198 5 618 12
198 1 619 11
198 2 619 16
198 3 619 14
198 4 619 13
198 5 619 16
198 1 620 13
198 2 620 12
198 3 620 14
198 4 620 10
198 5 620 12
198 1 621 15
198 2 621 13
198 3 621 11
198 4 621 16
198 5 621 17
198 1 622 13
198 2 622 15
198 3 622 16
198 4 622 15
198 5 622 13
198 1 623 13
198 2 623 16
198 3 623 17
198 4 623 14
198 5 623 14
198 1 624 14
198 2 624 13
198 3 624 15
198 4 624 12
198 5 624 12
198 1 625 17
198 2 625 14
198 3 625 15
198 4 625 16
198 5 625 15
198 1 626 14
198 2 626 16
198 3 626 13
198 4 626 16
198 5 626 12
198 1 627 11
198 2 627 13
198 3 627 15
198 4 627 12
198 5 627 14
198 1 628 13
198 2 628 15
198 3 628 17
198 4 628 10
198 5 628 12
198 1 629 13
198 2 629 15
198 3 629 14
198 4 629 15
198 5 629 13
198 1 630 15
198 2 630 11
198 3 630 14
198 4 630 14
198 5 630 14
198 1 631 15
198 2 631 10
198 3 631 15
198 4 631 14
198 5 631 16
198 1 632 14
198 2 632 12
198 3 632 17
198 4 632 15
198 5 632 14
198 1 633 11
198 2 633 15
198 3 633 15
198 4 633 13
198 5 633 12
198 1 634 14
198 2 634 15
198 3 634 14
198 4 634 11
198 5 634 13
198 1 635 11
198 2 635 11
198 3 635 13
198 4 635 12
198 5 635 11
198 1 636 18
198 2 636 13
198 3 636 16
198 4 636 15
198 5 636 20
198 1 637 13
198 2 637 10
198 3 637 16
198 4 637 14
198 5 637 14
198 1 638 16
198 2 638 12
198 3 638 19
198 4 638 17
198 5 638 13
198 1 639 14
198 2 639 13
198 3 639 13
198 4 639 17
198 5 639 14
198 1 640 11
198 2 640 11
198 3 640 18
198 4 640 16
198 5 640 12
198 1 641 14
198 2 641 11
198 3 641 11
198 4 641 12
198 5 641 12
198 1 642 13
198 2 642 16
198 3 642 14
198 4 642 14
198 5 642 13
198 1 643 14
198 2 643 14
198 3 643 13
198 4 643 14
198 5 643 13
198 1 644 13
198 2 644 13
198 3 644 17
198 4 644 17
198 5 644 12
198 1 645 12
198 2 645 16
198 3 645 14
198 4 645 15
198 5 645 14
198 1 646 11
198 2 646 16
198 3 646 14
198 4 646 17
198 5 646 13
198 1 647 19
198 2 647 17
198 3 647 14
198 4 647 12
198 5 647 13
198 1 648 12
198 2 648 10
198 3 648 16
198 4 648 13
198 5 648 10
198 1 649 13
198 2 649 11
198 3 649 12
198 4 649 15
198 5 649 11
198 1 650 10
198 2 650 9
198 3 650 9
198 4 650 14
198 5 650 12
198 1 651 16
198 2 651 15
198 3 651 14
198 4 651 15
198 5 651 14
198 1 652 13
198 2 652 9
198 3 652 14
198 4 652 14
198 5 652 11
198 1 653 10
198 2 653 10
198 3 653 16
198 4 653 13
198 5 653 13
198 1 654 14
198 2 654 12
198 3 654 14
198 4 654 12
198 5 654 13
198 1 655 10
198 2 655 14
198 3 655 14
198 4 655 6
198 5 655 12
198 1 656 14
198 2 656 15
198 3 656 15
198 4 656 12
198 5 656 18
198 1 657 10
198 2 657 12
198 3 657 11
198 4 657 11
198 5 657 10
198 1 658 15
198 2 658 15
198 3 658 12
198 4 658 12
198 5 658 10
198 1 659 11
198 2 659 12
198 3 659 12
198 4 659 15
198 5 659 17
198 1 660 10
198 2 660 12
198 3 660 14
198 4 660 19
198 5 660 13
198 1 661 14
198 2 661 15
198 3 661 13
198 4 661 16
198 5 661 14
198 1 662 15
198 2 662 11
198 3 662 14
198 4 662 12
198 5 662 17
198 1 663 11
198 2 663 12
198 3 663 14
198 4 663 11
198 5 663 14
198 1 664 8
198 2 664 12
198 3 664 16
198 4 664 14
198 5 664 15
198 1 665 15
198 2 665 12
198 3 665 9
198 4 665 13
198 5 665 11
198 1 666 11
198 2 666 10
198 3 666 11
198 4 666 14
198 5 666 15
198 1 667 11
198 2 667 11
198 3 667 14
198 4 667 12
198 5 667 14
198 1 668 12
198 2 668 16
198 3 668 15
198 4 668 13
198 5 668 11
198 1 669 11
198 2 669 13
198 3 669 13
198 4 669 11
198 5 669 13
198 1 670 13
198 2 670 12
198 3 670 16
198 4 670 15
198 5 670 15
198 1 671 13
198 2 671 12
198 3 671 9
198 4 671 16
198 5 671 12
198 1 672 15
198 2 672 17
198 3 672 13
198 4 672 9
198 5 672 12
198 1 673 12
198 2 673 16
198 3 673 13
198 4 673 13
198 5 673 14
198 1 674 15
198 2 674 14
198 3 674 12
198 4 674 10
198 5 674 11
198 1 675 18
198 2 675 10
198 3 675 15
198 4 675 14
198 5 675 13
198 1 676 9
198 2 676 10
198 3 676 16
198 4 676 10
198 5 676 10
198 1 677 17
198 2 677 14
198 3 677 11
198 4 677 13
198 5 677 14
198 1 678 13
198 2 678 11
198 3 678 13
198 4 678 11
198 5 678 16
198 1 679 16
198 2 679 6
198 3 679 10
198 4 679 17
198 5 679 12
198 1 680 13
198 2 680 12
198 3 680 13
198 4 680 12
198 5 680 11
198 1 681 16
198 2 681 11
198 3 681 16
198 4 681 15
198 5 681 13
198 1 682 13
198 2 682 12
198 3 682 13
198 4 682 8
198 5 682 10
198 1 683 8
198 2 683 12
198 3 683 15
198 4 683 14
198 5 683 15
198 1 684 11
198 2 684 11
198 3 684 14
198 4 684 13
198 5 684 12
198 1 685 13
198 2 685 12
198 3 685 16
198 4 685 16
198 5 685 12
198 1 686 11
198 2 686 15
198 3 686 13
198 4 686 12
198 5 686 15
198 1 687 10
198 2 687 18
198 3 687 10
198 4 687 13
198 5 687 13
198 1 688 10
198 2 688 12
198 3 688 17
198 4 688 11
198 5 688 14
198 1 689 12
198 2 689 16
198 3 689 14
198 4 689 11
198 5 689 9
198 1 690 9
198 2 690 15
198 3 690 12
198 4 690 10
198 5 690 15
198 1 691 16
198 2 691 17
198 3 691 11
198 4 691 11
198 5 691 10
198 1 692 11
198 2 692 9
198 3 692 11
198 4 692 9
198 5 692 11
198 1 693 13
198 2 693 13
198 3 693 13
198 4 693 14
198 5 693 11
198 1 694 12
198 2 694 8
198 3 694 16
198 4 694 14
198 5 694 11
198 1 695 11
198 2 695 12
198 3 695 15
198 4 695 14
198 5 695 12
198 1 696 10
198 2 696 16
198 3 696 15
198 4 696 13
198 5 696 18
198 1 697 12
198 2 697 11
198 3 697 7
198 4 697 15
198 5 697 13
198 1 698 9
198 2 698 11
198 3 698 14
198 4 698 10
198 5 698 12
198 1 699 13
198 2 699 15
198 3 699 12
198 4 699 15
198 5 699 12
198 1 700 7
198 2 700 13
198 3 700 11
198 4 700 16
198 5 700 14
198 1 701 12
198 2 701 12
198 3 701 14
198 4 701 9
198 5 701 13
198 1 702 14
198 2 702 13
198 3 702 16
198 4 702 10
198 5 702 18
198 1 703 11
198 2 703 14
198 3 703 12
198 4 703 12
198 5 703 10
198 1 704 12
198 2 704 12
198 3 704 15
198 4 704 14
198 5 704 12
198 1 705 13
198 2 705 12
198 3 705 16
198 4 705 16
198 5 705 12
198 1 706 7
198 2 706 10
198 3 706 12
198 4 706 12
198 5 706 12
198 1 707 13
198 2 707 13
198 3 707 12
198 4 707 13
198 5 707 13
198 1 708 12
198 2 708 15
198 3 708 16
198 4 708 13
198 5 708 12
198 1 709 17
198 2 709 12
198 3 709 14
198 4 709 13
198 5 709 13
198 1 710 12
198 2 710 9
198 3 710 16
198 4 710 9
198 5 710 9
198 1 711 10
198 2 711 8
198 3 711 11
198 4 711 12
198 5 711 12
198 1 712 11
198 2 712 11
198 3 712 21
198 4 712 12
198 5 712 12
198 1 713 11
198 2 713 16
198 3 713 13
198 4 713 16
198 5 713 16
198 1 714 11
198 2 714 13
198 3 714 13
198 4 714 13
198 5 714 11
198 1 715 12
198 2 715 10
198 3 715 14
198 4 715 16
198 5 715 9
198 1 716 11
198 2 716 14
198 3 716 15
198 4 716 13
198 5 716 11
198 1 717 13
198 2 717 10
198 3 717 12
198 4 717 13
198 5 717 12
198 1 718 9
198 2 718 12
198 3 718 13
198 4 718 12
198 5 718 9
198 1 719 8
198 2 719 13
198 3 719 9
198 4 719 14
198 5 719 12
198 1 720 11
198 2 720 11
198 3 720 15
198 4 720 9
198 5 720 13
198 1 721 15
198 2 721 11
198 3 721 8
198 4 721 11
198 5 721 9
198 1 722 13
198 2 722 9
198 3 722 12
198 4 722 12
198 5 722 10
198 1 723 16
198 2 723 15
198 3 723 14
198 4 723 13
198 5 723 15
198 1 724 13
198 2 724 10
198 3 724 12
198 4 724 7
198 5 724 10
198 1 725 10
198 2 725 13
198 3 725 12
198 4 725 10
198 5 725 10
198 1 726 14
198 2 726 12
198 3 726 15
198 4 726 15
198 5 726 11
198 1 727 12
198 2 727 12
198 3 727 11
198 4 727 12
198 5 727 11
198 1 728 10
198 2 728 9
198 3 728 14
198 4 728 15
198 5 728 10
198 1 729 13
198 2 729 12
198 3 729 10
198 4 729 13
198 5 729 13
198 1 730 11
198 2 730 13
198 3 730 16
198 4 730 15
198 5 730 12
198 1 731 12
198 2 731 14
198 3 731 12
198 4 731 12
198 5 731 14
198 1 732 12
198 2 732 12
198 3 732 15
198 4 732 12
198 5 732 10
198 1 733 11
198 2 733 12
198 3 733 8
198 4 733 12
198 5 733 14
198 1 734 12
198 2 734 11
198 3 734 9
198 4 734 12
198 5 734 14
198 1 735 12
198 2 735 14
198 3 735 12
198 4 735 12
198 5 735 10
198 1 736 12
198 2 736 11
198 3 736 15
198 4 736 15
198 5 736 11
198 1 737 12
198 2 737 9
198 3 737 12
198 4 737 11
198 5 737 16
198 1 738 15
198 2 738 7
198 3 738 10
198 4 738 12
198 5 738 12
198 1 739 14
198 2 739 11
198 3 739 14
198 4 739 13
198 5 739 14
198 1 740 9
198 2 740 13
198 3 740 15
198 4 740 12
198 5 740 19
198 1 741 15
198 2 741 16
198 3 741 11
198 4 741 10
198 5 741 13
198 1 742 10
198 2 742 12
198 3 742 11
198 4 742 8
198 5 742 11
198 1 743 11
198 2 743 8
198 3 743 15
198 4 743 10
198 5 743 14
198 1 744 16
198 2 744 7
198 3 744 12
198 4 744 8
198 5 744 11
198 1 745 13
198 2 745 14
198 3 745 16
198 4 745 13
198 5 745 16
198 1 746 16
198 2 746 12
198 3 746 10
198 4 746 13
198 5 746 14
198 1 747 8
198 2 747 10
198 3 747 7
198 4 747 13
198 5 747 11
198 1 748 8
198 2 748 12
198 3 748 9
198 4 748 9
198 5 748 13
198 1 749 13
198 2 749 12
198 3 749 13
198 4 749 10
198 5 749 9
198 1 750 13
198 2 750 13
198 3 750 13
198 4 750 14
198 5 750 9
198 1 751 9
198 2 751 10
198 3 751 12
198 4 751 9
198 5 751 12
198 1 752 10
198 2 752 13
198 3 752 13
198 4 752 12
198 5 752 17
198 1 753 13
198 2 753 7
198 3 753 11
198 4 753 12
198 5 753 14
198 1 754 11
198 2 754 11
198 3 754 16
198 4 754 15
198 5 754 12
198 1 755 12
198 2 755 13
198 3 755 13
198 4 755 12
198 5 755 10
198 1 756 12
198 2 756 13
198 3 756 12
198 4 756 10
198 5 756 13
198 1 757 12
198 2 757 6
198 3 757 12
198 4 757 15
198 5 757 14
198 1 758 13
198 2 758 14
198 3 758 12
198 4 758 10
198 5 758 11
198 1 759 11
198 2 759 10
198 3 759 11
198 4 759 12
198 5 759 15
198 1 760 9
198 2 760 12
198 3 760 12
198 4 760 17
198 5 760 9
198 1 761 10
198 2 761 10
198 3 761 10
198 4 761 10
198 5 761 13
198 1 762 12
198 2 762 13
198 3 762 14
198 4 762 9
198 5 762 11
198 1 763 9
198 2 763 9
198 3 763 13
198 4 763 13
198 5 763 14
198 1 764 8
198 2 764 17
198 3 764 13
198 4 764 10
198 5 764 11
198 1 765 10
198 2 765 14
198 3 765 13
198 4 765 12
198 5 765 11
198 1 766 12
198 2 766 11
198 3 766 8
198 4 766 11
198 5 766 10
198 1 767 13
198 2 767 11
198 3 767 10
198 4 767 12
198 5 767 13
198 1 768 9
198 2 768 12
198 3 768 15
198 4 768 16
198 5 768 11
198 1 769 17
198 2 769 10
198 3 769 10
198 4 769 6
198 5 769 9
198 1 770 12
198 2 770 10
198 3 770 15
198 4 770 13
198 5 770 12
198 1 771 10
198 2 771 14
198 3 771 11
198 4 771 12
198 5 771 9
198 1 772 11
198 2 772 11
198 3 772 13
198 4 772 9
198 5 772 9
198 1 773 12
198 2 773 10
198 3 773 11
198 4 773 11
198 5 773 11
198 1 774 11
198 2 774 11
198 3 774 8
198 4 774 8
198 5 774 13
198 1 775 11
198 2 775 14
198 3 775 8
198 4 775 16
198 5 775 10
198 1 776 13
198 2 776 10
198 3 776 12
198 4 776 12
198 5 776 6
198 1 777 14
198 2 777 11
198 3 777 10
198 4 777 12
198 5 777 11
198 1 778 13
198 2 778 9
198 3 778 9
198 4 778 11
198 5 778 11
198 1 779 10
198 2 779 11
198 3 779 12
198 4 779 13
198 5 779 9
198 1 780 12
198 2 780 10
198 3 780 15
198 4 780 7
198 5 780 12
198 1 781 10
198 2 781 8
198 3 781 12
198 4 781 11
198 5 781 10
198 1 782 10
198 2 782 11
198 3 782 11
198 4 782 9
198 5 782 7
198 1 783 10
198 2 783 11
198 3 783 10
198 4 783 8
198 5 783 12
198 1 784 11
198 2 784 11
198 3 784 12
198 4 784 12
198 5 784 12
198 1 785 14
198 2 785 11
198 3 785 9
198 4 785 12
198 5 785 11
198 1 786 12
198 2 786 14
198 3 786 12
198 4 786 12
198 5 786 9
198 1 787 9
198 2 787 10
198 3 787 9
198 4 787 12
198 5 787 10
198 1 788 8
198 2 788 13
198 3 788 13
198 4 788 11
198 5 788 10
198 1 789 11
198 2 789 8
198 3 789 11
198 4 789 13
198 5 789 12
198 1 790 9
198 2 790 9
198 3 790 11
198 4 790 14
198 5 790 11
198 1 791 14
198 2 791 11
198 3 791 15
198 4 791 13
198 5 791 11
198 1 792 10
198 2 792 12
198 3 792 11
198 4 792 14
198 5 792 8
198 1 793 10
198 2 793 11
198 3 793 13
198 4 793 13
198 5 793 9
198 1 794 10
198 2 794 12
198 3 794 14
198 4 794 11
198 5 794 10
198 1 795 15
198 2 795 9
198 3 795 11
198 4 795 12
198 5 795 11
198 1 796 8
198 2 796 12
198 3 796 12
198 4 796 11
198 5 796 13
198 1 797 9
198 2 797 12
198 3 797 9
198 4 797 11
198 5 797 11
198 1 798 10
198 2 798 12
198 3 798 10
198 4 798 11
198 5 798 12
198 1 799 8
198 2 799 12
198 3 799 12
198 4 799 9
198 5 799 6
198 1 800 15
198 2 800 9
198 3 800 10
198 4 800 13
198 5 800 14
198 1 801 11
198 2 801 10
198 3 801 10
198 4 801 11
198 5 801 11
198 1 802 9
198 2 802 11
198 3 802 11
198 4 802 14
198 5 802 11
198 1 803 12
198 2 803 14
198 3 803 11
198 4 803 15
198 5 803 15
198 1 804 13
198 2 804 9
198 3 804 16
198 4 804 10
198 5 804 16
198 1 805 9
198 2 805 5
198 3 805 9
198 4 805 12
198 5 805 12
198 1 806 11
198 2 806 13
198 3 806 10
198 4 806 8
198 5 806 13
198 1 807 13
198 2 807 10
198 3 807 12
198 4 807 13
198 5 807 10
198 1 808 11
198 2 808 11
198 3 808 12
198 4 808 10
198 5 808 12
198 1 809 10
198 2 809 15
198 3 809 10
198 4 809 9
198 5 809 13
198 1 810 12
198 2 810 9
198 3 810 12
198 4 810 11
198 5 810 11
198 1 811 10
198 2 811 10
198 3 811 11
198 4 811 11
198 5 811 12
198 1 812 10
198 2 812 9
198 3 812 17
198 4 812 9
198 5 812 11
198 1 813 12
198 2 813 9
198 3 813 10
198 4 813 8
198 5 813 8
198 1 814 9
198 2 814 13
198 3 814 10
198 4 814 8
198 5 814 10
198 1 815 11
198 2 815 11
198 3 815 8
198 4 815 8
198 5 815 12
198 1 816 9
198 2 816 8
198 3 816 11
198 4 816 9
198 5 816 14
198 1 817 11
198 2 817 9
198 3 817 12
198 4 817 13
198 5 817 10
198 1 818 12
198 2 818 8
198 3 818 11
198 4 818 12
198 5 818 10
198 1 819 13
198 2 819 13
198 3 819 11
198 4 819 13
198 5 819 15
198 1 820 13
198 2 820 15
198 3 820 10
198 4 820 10
198 5 820 12
198 1 821 12
198 2 821 10
198 3 821 12
198 4 821 10
198 5 821 9
198 1 822 9
198 2 822 12
198 3 822 9
198 4 822 10
198 5 822 11
198 1 823 16
198 2 823 13
198 3 823 8
198 4 823 14
198 5 823 9
198 1 824 13
198 2 824 10
198 3 824 10
198 4 824 11
198 5 824 11
198 1 825 6
198 2 825 9
198 3 825 12
198 4 825 14
198 5 825 11
198 1 826 14
198 2 826 9
198 3 826 12
198 4 826 11
198 5 826 10
198 1 827 12
198 2 827 10
198 3 827 9
198 4 827 10
198 5 827 9
198 1 828 11
198 2 828 9
198 3 828 10
198 4 828 14
198 5 828 12
198 1 829 9
198 2 829 10
198 3 829 11
198 4 829 11
198 5 829 9
198 1 830 8
198 2 830 6
198 3 830 9
198 4 830 14
198 5 830 13
198 1 831 13
198 2 831 7
198 3 831 11
198 4 831 12
198 5 831 10
198 1 832 11
198 2 832 8
198 3 832 11
198 4 832 11
198 5 832 9
198 1 833 10
198 2 833 8
198 3 833 12
198 4 833 11
198 5 833 8
198 1 834 11
198 2 834 12
198 3 834 7
198 4 834 12
198 5 834 12
198 1 835 11
198 2 835 15
198 3 835 11
198 4 835 10
198 5 835 7
198 1 836 11
198 2 836 9
198 3 836 12
198 4 836 8
198 5 836 10
198 1 837 13
198 2 837 10
198 3 837 10
198 4 837 11
198 5 837 11
198 1 838 11
198 2 838 11
198 3 838 8
198 4 838 5
198 5 838 8
198 1 839 13
198 2 839 10
198 3 839 11
198 4 839 8
198 5 839 13
198 1 840 9
198 2 840 12
198 3 840 12
198 4 840 7
198 5 840 13
198 1 841 9
198 2 841 11
198 3 841 12
198 4 841 12
198 5 841 11
198 1 842 11
198 2 842 11
198 3 842 11
198 4 842 11
198 5 842 12
198 1 843 10
198 2 843 10
198 3 843 9
198 4 843 11
198 5 843 11
198 1 844 8
198 2 844 11
198 3 844 12
198 4 844 10
198 5 844 9
198 1 845 7
198 2 845 10
198 3 845 12
198 4 845 10
198 5 845 13
198 1 846 11
198 2 846 10
198 3 846 6
198 4 846 12
198 5 846 9
198 1 847 12
198 2 847 8
198 3 847 10
198 4 847 7
198 5 847 10
198 1 848 12
198 2 848 12
198 3 848 10
198 4 848 12
198 5 848 13
198 1 849 7
198 2 849 8
198 3 849 11
198 4 849 11
198 5 849 9
198 1 850 9
198 2 850 9
198 3 850 11
198 4 850 11
198 5 850 11
198 1 851 12
198 2 851 12
198 3 851 7
198 4 851 11
198 5 851 6
198 1 852 10
198 2 852 10
198 3 852 10
198 4 852 12
198 5 852 10
198 1 853 10
198 2 853 8
198 3 853 11
198 4 853 8
198 5 853 9
198 1 854 9
198 2 854 11
198 3 854 12
198 4 854 13
198 5 854 11
198 1 855 10
198 2 855 11
198 3 855 7
198 4 855 11
198 5 855 11
198 1 856 11
198 2 856 13
198 3 856 16
198 4 856 10
198 5 856 10
198 1 857 12
198 2 857 10
198 3 857 11
198 4 857 12
198 5 857 8
198 1 858 9
198 2 858 9
198 3 858 12
198 4 858 12
198 5 858 9
198 1 859 10
198 2 859 12
198 3 859 9
198 4 859 11
198 5 859 9
198 1 860 10
198 2 860 14
198 3 860 13
198 4 860 12
198 5 860 12
198 1 861 12
198 2 861 9
198 3 861 11
198 4 861 11
198 5 861 10
198 1 862 10
198 2 862 9
198 3 862 10
198 4 862 10
198 5 862 11
198 1 863 10
198 2 863 11
198 3 863 12
198 4 863 13
198 5 863 10
198 1 864 8
198 2 864 11
198 3 864 13
198 4 864 9
198 5 864 11
198 1 865 7
198 2 865 9
198 3 865 12
198 4 865 11
198 5 865 9
198 1 866 10
198 2 866 8
198 3 866 8
198 4 866 8
198 5 866 12
198 1 867 8
198 2 867 13
198 3 867 11
198 4 867 11
198 5 867 11
198 1 868 9
198 2 868 15
198 3 868 10
198 4 868 9
198 5 868 11
198 1 869 12
198 2 869 9
198 3 869 12
198 4 869 10
198 5 869 10
198 1 870 9
198 2 870 6
198 3 870 12
198 4 870 10
198 5 870 10
198 1 871 10
198 2 871 8
198 3 871 9
198 4 871 9
198 5 871 7
198 1 872 13
198 2 872 11
198 3 872 13
198 4 872 6
198 5 872 9
198 1 873 8
198 2 873 12
198 3 873 7
198 4 873 11
198 5 873 11
198 1 874 11
198 2 874 13
198 3 874 9
198 4 874 12
198 5 874 10
198 1 875 9
198 2 875 14
198 3 875 10
198 4 875 15
198 5 875 10
198 1 876 9
198 2 876 12
198 3 876 9
198 4 876 9
198 5 876 9
198 1 877 11
198 2 877 9
198 3 877 11
198 4 877 8
198 5 877 12
198 1 878 5
198 2 878 8
198 3 878 10
198 4 878 11
198 5 878 9
198 1 879 10
198 2 879 9
198 3 879 11
198 4 879 7
198 5 879 9
198 1 880 7
198 2 880 11
198 3 880 8
198 4 880 8
198 5 880 11
198 1 881 9
198 2 881 12
198 3 881 8
198 4 881 10
198 5 881 9
198 1 882 10
198 2 882 14
198 3 882 8
198 4 882 9
198 5 882 15
198 1 883 10
198 2 883 9
198 3 883 8
198 4 883 10
198 5 883 12
198 1 884 10
198 2 884 13
198 3 884 9
198 4 884 11
198 5 884 7
198 1 885 9
198 2 885 12
198 3 885 12
198 4 885 11
198 5 885 9
198 1 886 6
198 2 886 11
198 3 886 10
198 4 886 11
198 5 886 12
198 1 887 12
198 2 887 9
198 3 887 8
198 4 887 9
198 5 887 11
198 1 888 11
198 2 888 12
198 3 888 14
198 4 888 11
198 5 888 12
198 1 889 10
198 2 889 10
198 3 889 11
198 4 889 8
198 5 889 7
198 1 890 8
198 2 890 8
198 3 890 12
198 4 890 10
198 5 890 13
198 1 891 11
198 2 891 7
198 3 891 9
198 4 891 9
198 5 891 7
198 1 892 8
198 2 892 11
198 3 892 14
198 4 892 9
198 5 892 7
198 1 893 13
198 2 893 10
198 3 893 7
198 4 893 14
198 5 893 11
198 1 894 8
198 2 894 11
198 3 894 10
198 4 894 12
198 5 894 8
198 1 895 9
198 2 895 12
198 3 895 10
198 4 895 12
198 5 895 12
198 1 896 8
198 2 896 9
198 3 896 13
198 4 896 9
198 5 896 9
198 1 897 13
198 2 897 10
198 3 897 10
198 4 897 6
198 5 897 15
198 1 898 11
198 2 898 13
198 3 898 12
198 4 898 12
198 5 898 7
198 1 899 9
198 2 899 7
198 3 899 14
198 4 899 9
198 5 899 12
198 1 900 10
198 2 900 9
198 3 900 12
198 4 900 12
198 5 900 7
198 1 901 7
198 2 901 11
198 3 901 7
198 4 901 13
198 5 901 14
198 1 902 12
198 2 902 11
198 3 902 8
198 4 902 8
198 5 902 9
198 1 903 12
198 2 903 9
198 3 903 13
198 4 903 11
198 5 903 15
198 1 904 12
198 2 904 9
198 3 904 11
198 4 904 7
198 5 904 13
198 1 905 9
198 2 905 12
198 3 905 11
198 4 905 9
198 5 905 10
198 1 906 8
198 2 906 12
198 3 906 11
198 4 906 8
198 5 906 11
198 1 907 12
198 2 907 12
198 3 907 9
198 4 907 10
198 5 907 8
198 1 908 8
198 2 908 9
198 3 908 7
198 4 908 8
198 5 908 12
198 1 909 8
198 2 909 11
198 3 909 12
198 4 909 12
198 5 909 10
198 1 910 9
198 2 910 6
198 3 910 10
198 4 910 10
198 5 910 7
198 1 911 8
198 2 911 8
198 3 911 10
198 4 911 14
198 5 911 9
198 1 912 7
198 2 912 11
198 3 912 12
198 4 912 9
198 5 912 9
198 1 913 8
198 2 913 12
198 3 913 10
198 4 913 9
198 5 913 7
198 1 914 10
198 2 914 8
198 3 914 10
198 4 914 6
198 5 914 12
198 1 915 11
198 2 915 12
198 3 915 6
198 4 915 6
198 5 915 13
198 1 916 9
198 2 916 10
198 3 916 10
198 4 916 9
198 5 916 10
198 1 917 12
198 2 917 11
198 3 917 8
198 4 917 8
198 5 917 8
198 1 918 8
198 2 918 9
198 3 918 9
198 4 918 10
198 5 918 10
198 1 919 8
198 2 919 8
198 3 919 6
198 4 919 7
198 5 919 11
198 1 920 11
198 2 920 10
198 3 920 9
198 4 920 8
198 5 920 6
198 1 921 7
198 2 921 11
198 3 921 13
198 4 921 15
198 5 921 9
198 1 922 11
198 2 922 9
198 3 922 9
198 4 922 7
198 5 922 9
198 1 923 12
198 2 923 9
198 3 923 10
198 4 923 10
198 5 923 6
198 1 924 10
198 2 924 8
198 3 924 7
198 4 924 10
198 5 924 11
198 1 925 9
198 2 925 10
198 3 925 7
198 4 925 8
198 5 925 11
198 1 926 8
198 2 926 10
198 3 926 12
198 4 926 6
198 5 926 14
198 1 927 12
198 2 927 8
198 3 927 10
198 4 927 9
198 5 927 6
198 1 928 8
198 2 928 13
198 3 928 9
198 4 928 9
198 5 928 11
198 1 929 9
198 2 929 11
198 3 929 8
198 4 929 9
198 5 929 8
198 1 930 10
198 2 930 6
198 3 930 8
198 4 930 7
198 5 930 8
198 1 931 12
198 2 931 10
198 3 931 6
198 4 931 11
198 5 931 13
198 1 932 5
198 2 932 10
198 3 932 12
198 4 932 10
198 5 932 14
198 1 933 9
198 2 933 9
198 3 933 12
198 4 933 13
198 5 933 11
198 1 934 9
198 2 934 12
198 3 934 8
198 4 934 8
198 5 934 13
198 1 935 8
198 2 935 9
198 3 935 11
198 4 935 8
198 5 935 12
198 1 936 13
198 2 936 7
198 3 936 14
198 4 936 7
198 5 936 8
198 1 937 9
198 2 937 11
198 3 937 10
198 4 937 10
198 5 937 10
198 1 938 9
198 2 938 7
198 3 938 7
198 4 938 8
198 5 938 10
198 1 939 7
198 2 939 9
198 3 939 7
198 4 939 10
198 5 939 8
198 1 940 8
198 2 940 10
198 3 940 12
198 4 940 12
198 5 940 7
198 1 941 11
198 2 941 8
198 3 941 7
198 4 941 7
198 5 941 10
198 1 942 11
198 2 942 12
198 3 942 9
198 4 942 4
198 5 942 12
198 1 943 8
198 2 943 9
198 3 943 6
198 4 943 13
198 5 943 9
198 1 944 9
198 2 944 6
198 3 944 10
198 4 944 13
198 5 944 12
198 1 945 13
198 2 945 11
198 3 945 8
198 4 945 6
198 5 945 7
198 1 946 7
198 2 946 9
198 3 946 11
198 4 946 12
198 5 946 8
198 1 947 8
198 2 947 10
198 3 947 8
198 4 947 8
198 5 947 8
198 1 948 8
198 2 948 9
198 3 948 9
198 4 948 7
198 5 948 10
198 1 949 8
198 2 949 10
198 3 949 10
198 4 949 13
198 5 949 10
198 1 950 9
198 2 950 11
198 3 950 8
198 4 950 14
198 5 950 10
198 1 951 9
198 2 951 8
198 3 951 9
198 4 951 10
198 5 951 9
198 1 952 8
198 2 952 9
198 3 952 11
198 4 952 6
198 5 952 12
198 1 953 9
198 2 953 8
198 3 953 10
198 4 953 13
198 5 953 13
198 1 954 15
198 2 954 7
198 3 954 7
198 4 954 7
198 5 954 6
198 1 955 9
198 2 955 11
198 3 955 11
198 4 955 10
198 5 955 7
198 1 956 11
198 2 956 11
198 3 956 13
198 4 956 9
198 5 956 9
198 1 957 9
198 2 957 11
198 3 957 11
198 4 957 13
198 5 957 10
198 1 958 6
198 2 958 10
198 3 958 11
198 4 958 5
198 5 958 12
198 1 959 8
198 2 959 13
198 3 959 13
198 4 959 11
198 5 959 8
198 1 960 8
198 2 960 8
198 3 960 14
198 4 960 12
198 5 960 9
198 1 961 14
198 2 961 11
198 3 961 10
198 4 961 11
198 5 961 10
198 1 962 11
198 2 962 13
198 3 962 10
198 4 962 10
198 5 962 9
198 1 963 8
198 2 963 6
198 3 963 8
198 4 963 11
198 5 963 9
198 1 964 11
198 2 964 10
198 3 964 8
198 4 964 8
198 5 964 11
198 1 965 8
198 2 965 7
198 3 965 7
198 4 965 8
198 5 965 9
198 1 966 8
198 2 966 11
198 3 966 10
198 4 966 10
198 5 966 14
198 1 967 11
198 2 967 10
198 3 967 11
198 4 967 8
198 5 967 6
198 1 968 14
198 2 968 7
198 3 968 11
198 4 968 11
198 5 968 9
198 1 969 9
198 2 969 7
198 3 969 9
198 4 969 9
198 5 969 7
198 1 970 8
198 2 970 6
198 3 970 7
198 4 970 12
198 5 970 8
198 1 971 9
198 2 971 10
198 3 971 11
198 4 971 10
198 5 971 10
198 1 972 8
198 2 972 7
198 3 972 13
198 4 972 9
198 5 972 9
198 1 973 7
198 2 973 10
198 3 973 10
198 4 973 13
198 5 973 10
198 1 974 10
198 2 974 10
198 3 974 11
198 4 974 9
198 5 974 12
198 1 975 7
198 2 975 7
198 3 975 8
198 4 975 10
198 5 975 7
198 1 976 9
198 2 976 10
198 3 976 13
198 4 976 8
198 5 976 8
198 1 977 7
198 2 977 9
198 3 977 8
198 4 977 6
198 5 977 8
198 1 978 10
198 2 978 9
198 3 978 9
198 4 978 8
198 5 978 8
198 1 979 9
198 2 979 10
198 3 979 10
198 4 979 7
198 5 979 10
198 1 980 4
198 2 980 8
198 3 980 11
198 4 980 5
198 5 980 11
198 1 981 11
198 2 981 8
198 3 981 10
198 4 981 9
198 5 981 8
198 1 982 12
198 2 982 7
198 3 982 12
198 4 982 7
198 5 982 7
198 1 983 6
198 2 983 10
198 3 983 8
198 4 983 10
198 5 983 10
198 1 984 10
198 2 984 9
198 3 984 11
198 4 984 9
198 5 984 10
198 1 985 8
198 2 985 10
198 3 985 9
198 4 985 6
198 5 985 11
198 1 986 9
198 2 986 8
198 3 986 11
198 4 986 9
198 5 986 12
198 1 987 10
198 2 987 12
198 3 987 10
198 4 987 9
198 5 987 11
198 1 988 10
198 2 988 10
198 3 988 11
198 4 988 10
198 5 988 9
198 1 989 12
198 2 989 10
198 3 989 9
198 4 989 9
198 5 989 11
198 1 990 6
198 2 990 8
198 3 990 9
198 4 990 10
198 5 990 8
198 1 991 10
198 2 991 11
198 3 991 12
198 4 991 9
198 5 991 7
198 1 992 10
198 2 992 9
198 3 992 9
198 4 992 10
198 5 992 8
198 1 993 14
198 2 993 8
198 3 993 8
198 4 993 7
198 5 993 10
198 1 994 9
198 2 994 5
198 3 994 10
198 4 994 9
198 5 994 9
198 1 995 8
198 2 995 8
198 3 995 8
198 4 995 7
198 5 995 11
198 1 996 8
198 2 996 10
198 3 996 10
198 4 996 10
198 5 996 6
198 1 997 10
198 2 997 9
198 3 997 7
198 4 997 10
198 5 997 7
198 1 998 10
198 2 998 7
198 3 998 9
198 4 998 8
198 5 998 10
198 1 999 12
198 2 999 7
198 3 999 7
198 4 999 11
198 5 999 9
198 1 1000 7
198 2 1000 8
198 3 1000 10
198 4 1000 10
198 5 1000 8
198 1 1001 9
198 2 1001 9
198 3 1001 10
198 4 1001 8
198 5 1001 4
198 1 1002 10
198 2 1002 9
198 3 1002 7
198 4 1002 10
198 5 1002 11
198 1 1003 9
198 2 1003 9
198 3 1003 10
198 4 1003 11
198 5 1003 9
198 1 1004 13
198 2 1004 9
198 3 1004 12
198 4 1004 7
198 5 1004 10
198 1 1005 9
198 2 1005 9
198 3 1005 11
198 4 1005 9
198 5 1005 11
198 1 1006 9
198 2 1006 9
198 3 1006 10
198 4 1006 8
198 5 1006 11
198 1 1007 9
198 2 1007 9
198 3 1007 12
198 4 1007 10
198 5 1007 5
198 1 1008 7
198 2 1008 10
198 3 1008 10
198 4 1008 7
198 5 1008 10
198 1 1009 8
198 2 1009 10
198 3 1009 8
198 4 1009 12
198 5 1009 6
198 1 1010 9
198 2 1010 8
198 3 1010 9
198 4 1010 11
198 5 1010 9
198 1 1011 12
198 2 1011 7
198 3 1011 9
198 4 1011 7
198 5 1011 9
198 1 1012 9
198 2 1012 9
198 3 1012 10
198 4 1012 9
198 5 1012 8
198 1 1013 9
198 2 1013 12
198 3 1013 9
198 4 1013 13
198 5 1013 9
198 1 1014 4
198 2 1014 8
198 3 1014 10
198 4 1014 7
198 5 1014 12
198 1 1015 11
198 2 1015 10
198 3 1015 7
198 4 1015 10
198 5 1015 8
198 1 1016 4
198 2 1016 7
198 3 1016 8
198 4 1016 6
198 5 1016 9
198 1 1017 8
198 2 1017 7
198 3 1017 12
198 4 1017 9
198 5 1017 11
198 1 1018 9
198 2 1018 9
198 3 1018 8
198 4 1018 9
198 5 1018 9
198 1 1019 8
198 2 1019 10
198 3 1019 7
198 4 1019 12
198 5 1019 8
198 1 1020 7
198 2 1020 7
198 3 1020 11
198 4 1020 7
198 5 1020 10
198 1 1021 11
198 2 1021 5
198 3 1021 8
198 4 1021 7
198 5 1021 7
198 1 1022 10
198 2 1022 9
198 3 1022 7
198 4 1022 10
198 5 1022 9
198 1 1023 8
198 2 1023 9
198 3 1023 7
198 4 1023 7
198 5 1023 7
198 1 1024 5
198 2 1024 7
198 3 1024 10
198 4 1024 14
198 5 1024 11
198 1 1025 10
198 2 1025 12
198 3 1025 9
198 4 1025 7
198 5 1025 11
198 1 1026 9
198 2 1026 8
198 3 1026 7
198 4 1026 6
198 5 1026 7
198 1 1027 9
198 2 1027 7
198 3 1027 5
198 4 1027 10
198 5 1027 8
198 1 1028 7
198 2 1028 5
198 3 1028 10
198 4 1028 7
198 5 1028 8
198 1 1029 9
198 2 1029 10
198 3 1029 9
198 4 1029 7
198 5 1029 9
198 1 1030 11
198 2 1030 9
198 3 1030 13
198 4 1030 11
198 5 1030 6
198 1 1031 6
198 2 1031 8
198 3 1031 7
198 4 1031 10
198 5 1031 7
198 1 1032 5
198 2 1032 10
198 3 1032 9
198 4 1032 7
198 5 1032 11
198 1 1033 9
198 2 1033 10
198 3 1033 10
198 4 1033 9
198 5 1033 11
198 1 1034 9
198 2 1034 9
198 3 1034 8
198 4 1034 6
198 5 1034 8
198 1 1035 8
198 2 1035 8
198 3 1035 7
198 4 1035 9
198 5 1035 9
198 1 1036 8
198 2 1036 9
198 3 1036 11
198 4 1036 10
198 5 1036 9
198 1 1037 9
198 2 1037 10
198 3 1037 11
198 4 1037 11
198 5 1037 7
198 1 1038 8
198 2 1038 7
198 3 1038 8
198 4 1038 8
198 5 1038 9
198 1 1039 6
198 2 1039 8
198 3 1039 10
198 4 1039 7
198 5 1039 9
198 1 1040 11
198 2 1040 8
198 3 1040 8
198 4 1040 11
198 5 1040 7
198 1 1041 8
198 2 1041 7
198 3 1041 9
198 4 1041 10
198 5 1041 11
198 1 1042 7
198 2 1042 7
198 3 1042 7
198 4 1042 8
198 5 1042 7
198 1 1043 11
198 2 1043 7
198 3 1043 7
198 4 1043 9
198 5 1043 7
198 1 1044 5
198 2 1044 5
198 3 1044 11
198 4 1044 7
198 5 1044 9
198 1 1045 9
198 2 1045 9
198 3 1045 6
198 4 1045 8
198 5 1045 6
198 1 1046 8
198 2 1046 10
198 3 1046 9
198 4 1046 8
198 5 1046 9
198 1 1047 9
198 2 1047 8
198 3 1047 8
198 4 1047 6
198 5 1047 8
198 1 1048 10
198 2 1048 15
198 3 1048 9
198 4 1048 4
198 5 1048 7
198 1 1049 10
198 2 1049 9
198 3 1049 8
198 4 1049 6
198 5 1049 10
198 1 1050 8
198 2 1050 9
198 3 1050 7
198 4 1050 12
198 5 1050 10
198 1 1051 10
198 2 1051 9
198 3 1051 6
198 4 1051 9
198 5 1051 10
198 1 1052 11
198 2 1052 8
198 3 1052 7
198 4 1052 7
198 5 1052 8
198 1 1053 10
198 2 1053 11
198 3 1053 8
198 4 1053 8
198 5 1053 11
198 1 1054 11
198 2 1054 9
198 3 1054 6
198 4 1054 8
198 5 1054 9
198 1 1055 6
198 2 1055 11
198 3 1055 11
198 4 1055 10
198 5 1055 10
198 1 1056 5
198 2 1056 10
198 3 1056 7
198 4 1056 10
198 5 1056 8
198 1 1057 7
198 2 1057 8
198 3 1057 11
198 4 1057 8
198 5 1057 6
198 1 1058 9
198 2 1058 7
198 3 1058 7
198 4 1058 11
198 5 1058 6
198 1 1059 7
198 2 1059 10
198 3 1059 9
198 4 1059 8
198 5 1059 7
198 1 1060 10
198 2 1060 10
198 3 1060 9
198 4 1060 9
198 5 1060 7
198 1 1061 11
198 2 1061 8
198 3 1061 9
198 4 1061 9
198 5 1061 7
198 1 1062 9
198 2 1062 8
198 3 1062 9
198 4 1062 7
198 5 1062 11
198 1 1063 7
198 2 1063 8
198 3 1063 7
198 4 1063 7
198 5 1063 7
198 1 1064 7
198 2 1064 7
198 3 1064 6
198 4 1064 9
198 5 1064 11
198 1 1065 10
198 2 1065 10
198 3 1065 12
198 4 1065 7
198 5 1065 7
198 1 1066 5
198 2 1066 8
198 3 1066 9
198 4 1066 9
198 5 1066 9
198 1 1067 6
198 2 1067 8
198 3 1067 5
198 4 1067 11
198 5 1067 8
198 1 1068 7
198 2 1068 6
198 3 1068 13
198 4 1068 8
198 5 1068 9
198 1 1069 6
198 2 1069 5
198 3 1069 9
198 4 1069 11
198 5 1069 9
198 1 1070 9
198 2 1070 10
198 3 1070 9
198 4 1070 10
198 5 1070 5
198 1 1071 8
198 2 1071 9
198 3 1071 6
198 4 1071 8
198 5 1071 9
198 1 1072 8
198 2 1072 9
198 3 1072 10
198 4 1072 7
198 5 1072 13
198 1 1073 7
198 2 1073 10
198 3 1073 10
198 4 1073 8
198 5 1073 9
198 1 1074 9
198 2 1074 11
198 3 1074 8
198 4 1074 7
198 5 1074 8
198 1 1075 7
198 2 1075 8
198 3 1075 8
198 4 1075 14
198 5 1075 11
198 1 1076 6
198 2 1076 8
198 3 1076 9
198 4 1076 7
198 5 1076 9
198 1 1077 9
198 2 1077 9
198 3 1077 11
198 4 1077 9
198 5 1077 10
198 1 1078 9
198 2 1078 10
198 3 1078 8
198 4 1078 8
198 5 1078 9
198 1 1079 6
198 2 1079 9
198 3 1079 6
198 4 1079 9
198 5 1079 9
198 1 1080 6
198 2 1080 7
198 3 1080 10
198 4 1080 9
198 5 1080 11
198 1 1081 6
198 2 1081 10
198 3 1081 8
198 4 1081 5
198 5 1081 9
198 1 1082 8
198 2 1082 9
198 3 1082 8
198 4 1082 9
198 5 1082 6
198 1 1083 9
198 2 1083 8
198 3 1083 7
198 4 1083 8
198 5 1083 7
198 1 1084 11
198 2 1084 7
198 3 1084 9
198 4 1084 8
198 5 1084 10
198 1 1085 9
198 2 1085 9
198 3 1085 7
198 4 1085 8
198 5 1085 8
198 1 1086 10
198 2 1086 9
198 3 1086 8
198 4 1086 5
198 5 1086 7
198 1 1087 12
198 2 1087 7
198 3 1087 12
198 4 1087 9
198 5 1087 7
198 1 1088 7
198 2 1088 5
198 3 1088 7
198 4 1088 10
198 5 1088 9
198 1 1089 7
198 2 1089 9
198 3 1089 7
198 4 1089 8
198 5 1089 4
198 1 1090 7
198 2 1090 10
198 3 1090 7
198 4 1090 8
198 5 1090 8
198 1 1091 7
198 2 1091 8
198 3 1091 7
198 4 1091 6
198 5 1091 10
198 1 1092 6
198 2 1092 8
198 3 1092 7
198 4 1092 7
198 5 1092 6
198 1 1093 8
198 2 1093 10
198 3 1093 5
198 4 1093 11
198 5 1093 6
198 1 1094 7
198 2 1094 9
198 3 1094 12
198 4 1094 9
198 5 1094 12
198 1 1095 5
198 2 1095 9
198 3 1095 11
198 4 1095 10
198 5 1095 8
198 1 1096 10
198 2 1096 9
198 3 1096 12
198 4 1096 9
198 5 1096 7
198 1 1097 7
198 2 1097 9
198 3 1097 7
198 4 1097 8
198 5 1097 7
198 1 1098 8
198 2 1098 7
198 3 1098 5
198 4 1098 6
198 5 1098 7
198 1 1099 7
198 2 1099 8
198 3 1099 7
198 4 1099 8
198 5 1099 9
198 1 1100 6
198 2 1100 7
198 3 1100 11
198 4 1100 13
198 5 1100 9
198 1 1101 7
198 2 1101 6
198 3 1101 7
198 4 1101 8
198 5 1101 9
198 1 1102 5
198 2 1102 7
198 3 1102 9
198 4 1102 8
198 5 1102 7
198 1 1103 6
198 2 1103 7
198 3 1103 9
198 4 1103 10
198 5 1103 9
198 1 1104 9
198 2 1104 10
198 3 1104 9
198 4 1104 9
198 5 1104 9
198 1 1105 7
198 2 1105 13
198 3 1105 8
198 4 1105 9
198 5 1105 7
198 1 1106 7
198 2 1106 6
198 3 1106 6
198 4 1106 10
198 5 1106 8
198 1 1107 8
198 2 1107 6
198 3 1107 12
198 4 1107 9
198 5 1107 9
198 1 1108 7
198 2 1108 7
198 3 1108 9
198 4 1108 7
198 5 1108 11
198 1 1109 12
198 2 1109 10
198 3 1109 8
198 4 1109 8
198 5 1109 9
198 1 1110 9
198 2 1110 10
198 3 1110 9
198 4 1110 10
198 5 1110 10
198 1 1111 9
198 2 1111 7
198 3 1111 11
198 4 1111 4
198 5 1111 11
198 1 1112 10
198 2 1112 10
198 3 1112 8
198 4 1112 6
198 5 1112 8
198 1 1113 9
198 2 1113 9
198 3 1113 4
198 4 1113 6
198 5 1113 7
198 1 1114 11
198 2 1114 12
198 3 1114 8
198 4 1114 8
198 5 1114 10
198 1 1115 6
198 2 1115 7
198 3 1115 9
198 4 1115 6
198 5 1115 7
198 1 1116 10
198 2 1116 5
198 3 1116 10
198 4 1116 5
198 5 1116 8
198 1 1117 9
198 2 1117 9
198 3 1117 6
198 4 1117 8
198 5 1117 9
198 1 1118 7
198 2 1118 7
198 3 1118 6
198 4 1118 10
198 5 1118 6
198 1 1119 8
198 2 1119 9
198 3 1119 7
198 4 1119 9
198 5 1119 10
198 1 1120 6
198 2 1120 8
198 3 1120 6
198 4 1120 3
198 5 1120 10
198 1 1121 6
198 2 1121 8
198 3 1121 7
198 4 1121 8
198 5 1121 7
198 1 1122 5
198 2 1122 9
198 3 1122 8
198 4 1122 7
198 5 1122 8
198 1 1123 8
198 2 1123 9
198 3 1123 7
198 4 1123 9
198 5 1123 11
198 1 1124 8
198 2 1124 7
198 3 1124 9
198 4 1124 8
198 5 1124 9
198 1 1125 10
198 2 1125 8
198 3 1125 8
198 4 1125 10
198 5 1125 7
198 1 1126 10
198 2 1126 8
198 3 1126 9
198 4 1126 8
198 5 1126 7
198 1 1127 5
198 2 1127 7
198 3 1127 6
198 4 1127 7
198 5 1127 9
198 1 1128 6
198 2 1128 8
198 3 1128 9
198 4 1128 7
198 5 1128 10
198 1 1129 11
198 2 1129 6
198 3 1129 9
198 4 1129 10
198 5 1129 6
198 1 1130 8
198 2 1130 7
198 3 1130 7
198 4 1130 9
198 5 1130 10
198 1 1131 8
198 2 1131 11
198 3 1131 9
198 4 1131 9
198 5 1131 7
198 1 1132 7
198 2 1132 7
198 3 1132 8
198 4 1132 9
198 5 1132 12
198 1 1133 9
198 2 1133 10
198 3 1133 4
198 4 1133 5
198 5 1133 10
198 1 1134 9
198 2 1134 10
198 3 1134 8
198 4 1134 7
198 5 1134 10
198 1 1135 6
198 2 1135 9
198 3 1135 8
198 4 1135 12
198 5 1135 6
198 1 1136 6
198 2 1136 9
198 3 1136 10
198 4 1136 7
198 5 1136 7
198 1 1137 11
198 2 1137 10
198 3 1137 10
198 4 1137 7
198 5 1137 5
198 1 1138 7
198 2 1138 9
198 3 1138 6
198 4 1138 7
198 5 1138 6
198 1 1139 9
198 2 1139 4
198 3 1139 9
198 4 1139 9
198 5 1139 7
198 1 1140 7
198 2 1140 7
198 3 1140 8
198 4 1140 12
198 5 1140 7
198 1 1141 10
198 2 1141 5
198 3 1141 10
198 4 1141 6
198 5 1141 7
198 1 1142 8
198 2 1142 8
198 3 1142 8
198 4 1142 12
198 5 1142 8
198 1 1143 7
198 2 1143 9
198 3 1143 6
198 4 1143 6
198 5 1143 8
198 1 1144 9
198 2 1144 8
198 3 1144 9
198 4 1144 6
198 5 1144 7
198 1 1145 10
198 2 1145 6
198 3 1145 7
198 4 1145 9
198 5 1145 7
198 1 1146 6
198 2 1146 8
198 3 1146 9
198 4 1146 9
198 5 1146 8
198 1 1147 10
198 2 1147 7
198 3 1147 8
198 4 1147 6
198 5 1147 11
198 1 1148 7
198 2 1148 6
198 3 1148 8
198 4 1148 7
198 5 1148 11
198 1 1149 6
198 2 1149 8
198 3 1149 6
198 4 1149 10
198 5 1149 7
198 1 1150 7
198 2 1150 8
198 3 1150 11
198 4 1150 9
198 5 1150 7
198 1 1151 4
198 2 1151 7
198 3 1151 9
198 4 1151 9
198 5 1151 7
198 1 1152 5
198 2 1152 8
198 3 1152 11
198 4 1152 10
198 5 1152 8
198 1 1153 6
198 2 1153 8
198 3 1153 6
198 4 1153 5
198 5 1153 6
198 1 1154 8
198 2 1154 8
198 3 1154 6
198 4 1154 9
198 5 1154 10
198 1 1155 7
198 2 1155 5
198 3 1155 9
198 4 1155 11
198 5 1155 8
198 1 1156 7
198 2 1156 8
198 3 1156 9
198 4 1156 7
198 5 1156 9
198 1 1157 7
198 2 1157 8
198 3 1157 7
198 4 1157 6
198 5 1157 8
198 1 1158 11
198 2 1158 8
198 3 1158 10
198 4 1158 7
198 5 1158 8
198 1 1159 8
198 2 1159 8
198 3 1159 9
198 4 1159 9
198 5 1159 7
198 1 1160 8
198 2 1160 8
198 3 1160 9
198 4 1160 9
198 5 1160 8
198 1 1161 6
198 2 1161 7
198 3 1161 8
198 4 1161 7
198 5 1161 10
198 1 1162 8
198 2 1162 7
198 3 1162 7
198 4 1162 8
198 5 1162 7
198 1 1163 6
198 2 1163 6
198 3 1163 9
198 4 1163 5
198 5 1163 8
198 1 1164 9
198 2 1164 6
198 3 1164 6
198 4 1164 12
198 5 1164 7
198 1 1165 8
198 2 1165 11
198 3 1165 9
198 4 1165 7
198 5 1165 8
198 1 1166 10
198 2 1166 8
198 3 1166 10
198 4 1166 7
198 5 1166 7
198 1 1167 8
198 2 1167 5
198 3 1167 8
198 4 1167 7
198 5 1167 10
198 1 1168 5
198 2 1168 10
198 3 1168 9
198 4 1168 8
198 5 1168 5
198 1 1169 7
198 2 1169 9
198 3 1169 6
198 4 1169 10
198 5 1169 9
198 1 1170 9
198 2 1170 6
198 3 1170 11
198 4 1170 9
198 5 1170 8
198 1 1171 8
198 2 1171 5
198 3 1171 7
198 4 1171 8
198 5 1171 7
198 1 1172 7
198 2 1172 7
198 3 1172 10
198 4 1172 7
198 5 1172 10
198 1 1173 5
198 2 1173 6
198 3 1173 7
198 4 1173 7
198 5 1173 9
198 1 1174 5
198 2 1174 6
198 3 1174 9
198 4 1174 8
198 5 1174 6
198 1 1175 6
198 2 1175 8
198 3 1175 7
198 4 1175 6
198 5 1175 7
198 1 1176 11
198 2 1176 10
198 3 1176 6
198 4 1176 5
198 5 1176 10
198 1 1177 10
198 2 1177 9
198 3 1177 6
198 4 1177 11
198 5 1177 6
198 1 1178 8
198 2 1178 4
198 3 1178 8
198 4 1178 5
198 5 1178 8
198 1 1179 5
198 2 1179 7
198 3 1179 6
198 4 1179 7
198 5 1179 6
198 1 1180 7
198 2 1180 8
198 3 1180 12
198 4 1180 10
198 5 1180 9
198 1 1181 6
198 2 1181 10
198 3 1181 9
198 4 1181 4
198 5 1181 6
198 1 1182 10
198 2 1182 9
198 3 1182 6
198 4 1182 10
198 5 1182 5
198 1 1183 7
198 2 1183 10
198 3 1183 9
198 4 1183 7
198 5 1183 4
198 1 1184 6
198 2 1184 8
198 3 1184 10
198 4 1184 10
198 5 1184 8
198 1 1185 5
198 2 1185 6
198 3 1185 9
198 4 1185 8
198 5 1185 7
198 1 1186 10
198 2 1186 6
198 3 1186 5
198 4 1186 12
198 5 1186 7
198 1 1187 7
198 2 1187 7
198 3 1187 5
198 4 1187 7
198 5 1187 4
198 1 1188 5
198 2 1188 5
198 3 1188 9
198 4 1188 8
198 5 1188 5
198 1 1189 8
198 2 1189 6
198 3 1189 8
198 4 1189 9
198 5 1189 7
198 1 1190 6
198 2 1190 8
198 3 1190 8
198 4 1190 7
198 5 1190 6
198 1 1191 9
198 2 1191 8
198 3 1191 8
198 4 1191 9
198 5 1191 6
198 1 1192 5
198 2 1192 9
198 3 1192 7
198 4 1192 8
198 5 1192 8
198 1 1193 10
198 2 1193 7
198 3 1193 10
198 4 1193 6
198 5 1193 8
198 1 1194 8
198 2 1194 10
198 3 1194 9
198 4 1194 8
198 5 1194 7
198 1 1195 8
198 2 1195 7
198 3 1195 6
198 4 1195 9
198 5 1195 5
198 1 1196 9
198 2 1196 10
198 3 1196 7
198 4 1196 8
198 5 1196 10
198 1 1197 10
198 2 1197 11
198 3 1197 6
198 4 1197 7
198 5 1197 9
198 1 1198 9
198 2 1198 9
198 3 1198 12
198 4 1198 9
198 5 1198 8
198 1 1199 7
198 2 1199 5
198 3 1199 7
198 4 1199 11
198 5 1199 6
198 1 1200 9
198 2 1200 6
198 3 1200 10
198 4 1200 10
198 5 1200 5
198 1 1201 5
198 2 1201 6
198 3 1201 9
198 4 1201 7
198 5 1201 6
198 1 1202 2
198 2 1202 8
198 3 1202 7
198 4 1202 5
198 5 1202 7
198 1 1203 9
198 2 1203 5
198 3 1203 9
198 4 1203 8
198 5 1203 5
198 1 1204 6
198 2 1204 7
198 3 1204 11
198 4 1204 9
198 5 1204 11
198 1 1205 10
198 2 1205 8
198 3 1205 7
198 4 1205 8
198 5 1205 9
198 1 1206 7
198 2 1206 6
198 3 1206 10
198 4 1206 8
198 5 1206 11
198 1 1207 7
198 2 1207 8
198 3 1207 6
198 4 1207 9
198 5 1207 7
198 1 1208 5
198 2 1208 7
198 3 1208 8
198 4 1208 7
198 5 1208 9
198 1 1209 8
198 2 1209 8
198 3 1209 6
198 4 1209 4
198 5 1209 9
198 1 1210 8
198 2 1210 7
198 3 1210 6
198 4 1210 6
198 5 1210 7
198 1 1211 9
198 2 1211 8
198 3 1211 1
3 1211
